0       0       0
0	0	0
0.1	15	0
0.2	15	0
0.3	15	0
0.4	15	0
0.5	15	0
0.6	15	0
0.7	15	0
0.8	15	3
0.9	15	3
1	15	3
1.1	15	0
1.2	15	0
1.3	15	5
1.4	15	5
1.5	15	5
1.6	0	0
1.7	0	0
1.8	12	5
1.9	12	5
2	12	5
2.1	12	5
2.2	12	5
2.3	12	0
2.4	12	0
2.5	12	3
2.6	12	3
2.7	12	3
2.8	12	3
2.9	12	3
3	0	0
3.1	0	0
3.2	13	6
3.3	13	6
3.4	13	6
3.5	13	0
3.6	13	0
3.7	13	6
3.8	13	6
3.9	13	6
4	13	0
4.1	13	0
4.2	13	7
4.3	13	7
4.4	13	7
4.5	13	0
4.6	13	0
4.7	13	6
4.8	13	6
4.9	13	6
5	13	6
5.1	13	6
5.2	0	0
5.3	0	0
5.4	15	6
5.5	15	6
5.6	15	6
5.7	15	0
5.8	15	0
5.9	15	6
6	15	6
6.1	15	6
6.2	15	0
6.3	15	0
6.4	15	5
6.5	15	5
6.6	15	5
6.7	0	0
6.8	0	0
6.9	11	8
7	11	8
7.1	11	8
7.2	11	8
7.3	11	8
7.4	0	0
7.5	0	0
7.6	0	8
7.7	0	8
7.8	0	8
7.9	0	0
8	0	0
8.1	0	8
8.2	0	8
8.3	0	8
8.4	0	0
8.5	0	0
8.6	13	8
8.7	13	8
8.8	13	8
8.9	13	0
9	13	0
9.1	13	6
9.2	13	6
9.3	13	6
9.4	0	0
9.5	0	0
9.6	0	8
9.7	0	8
9.8	0	8
9.9	0	0
10	0	0
10.1	0	6
10.2	0	6
10.3	0	6
10.4	0	0
10.5	0	0
10.6	14	5
10.7	14	5
10.8	14	5
10.9	14	5
11	14	5
11.1	14	5
11.2	14	5
11.3	14	5
11.4	14	5
11.5	14	5
11.6	0	5
11.7	0	5
11.8	16	5
11.9	16	5
12	16	5
12.1	16	5
12.2	16	5
12.3	16	5
12.4	16	5
12.5	16	5
12.6	16	5
12.7	16	5
12.8	0	0
12.9	0	0
13	15	0
13.1	15	0
13.2	15	0
13.3	15	0
13.4	15	0
13.5	15	0
13.6	15	0
13.7	15	3
13.8	15	3
13.9	15	3
14	15	0
14.1	15	0
14.2	15	5
14.3	15	5
14.4	15	5
14.5	0	0
14.6	0	0
14.7	12	5
14.8	12	5
14.9	12	5
15	12	5
15.1	12	5
15.2	12	0
15.3	12	0
15.4	12	5
15.5	12	5
15.6	12	5
15.7	12	0
15.8	12	0
15.9	12	3
16	12	3
16.1	12	3
16.2	0	0
16.3	0	0
16.4	13	6
16.5	13	6
16.6	13	6
16.7	13	0
16.8	13	0
16.9	13	6
17	13	6
17.1	13	6
17.2	13	0
17.3	13	0
17.4	13	7
17.5	13	7
17.6	13	7
17.7	13	0
17.8	13	0
17.9	13	6
18	13	6
18.1	13	6
18.2	0	0
18.3	0	0
18.4	15	0
18.5	15	0
18.6	15	0
18.7	15	0
18.8	15	0
18.9	15	6
19	15	6
19.1	15	6
19.2	15	0
19.3	15	0
19.4	15	6
19.5	15	6
19.6	15	6
19.7	15	0
19.8	15	0
19.9	15	5
20	15	5
20.1	15	5
20.2	0	0
20.3	0	0
20.4	11	8
20.5	11	8
20.6	11	8
20.7	11	8
20.8	11	8
20.9	11	0
21	11	0
21.1	11	8
21.2	11	8
21.3	11	8
21.4	11	0
21.5	11	0
21.6	11	8
21.7	11	8
21.8	11	8
21.9	0	0
22	0	0
22.1	13	8
22.2	13	8
22.3	13	8
22.4	13	0
22.5	13	0
22.6	13	6
22.7	13	6
22.8	13	6
22.9	13	0
23	13	0
23.1	13	6
23.2	13	6
23.3	13	6
23.4	13	0
23.5	13	0
23.6	13	8
23.7	13	8
23.8	13	8
23.9	0	0
24	0	0
24.1	12	9
24.2	12	9
24.3	12	9
24.4	12	9
24.5	12	9
24.6	12	9
24.7	12	9
24.8	12	9
24.9	12	9
25	12	9
25.1	12	9
25.2	12	9
25.3	12	9
25.4	12	9
25.5	12	9
25.6	12	9
25.7	12	9
25.8	12	9
25.9	12	9
26	12	9
26.1	0	0
26.2	0	0
26.3	14	12
26.4	14	12
26.5	14	12
26.6	14	0
26.7	14	0
26.8	14	12
26.9	14	12
27	14	12
27.1	14	12
27.2	14	12
27.3	14	0
27.4	14	0
27.5	14	12
27.6	14	12
27.7	14	0
27.8	14	0
27.9	14	12
28	14	12
28.1	14	0
28.2	14	0
28.3	14	12
28.4	14	12
28.5	14	12
28.6	14	0
28.7	14	0
28.8	14	12
28.9	14	12
29	14	12
29.1	14	0
29.2	14	0
29.3	14	10
29.4	14	10
29.5	14	10
29.6	14	0
29.7	14	0
29.8	14	9
29.9	14	9
30	14	9
30.1	0	0
30.2	0	0
30.3	13	8
30.4	13	8
30.5	13	8
30.6	13	8
30.7	13	8
30.8	13	0
30.9	13	0
31	13	8
31.1	13	8
31.2	13	8
31.3	13	0
31.4	13	0
31.5	13	8
31.6	13	8
31.7	13	8
31.8	0	0
31.9	0	0
32	15	6
32.1	15	6
32.2	15	6
32.3	15	0
32.4	15	0
32.5	15	8
32.6	15	8
32.7	15	8
32.8	15	0
32.9	15	0
33	15	6
33.1	15	6
33.2	15	6
33.3	15	0
33.4	15	0
33.5	15	8
33.6	15	8
33.7	15	8
33.8	0	0
33.9	0	0
34	11	9
34.1	11	9
34.2	11	9
34.3	11	9
34.4	11	9
34.5	11	0
34.6	11	0
34.7	11	9
34.8	11	9
34.9	11	9
35	11	9
35.1	11	9
35.2	0	0
35.3	0	0
35.4	13	9
35.5	13	9
35.6	13	9
35.7	13	0
35.8	13	0
35.9	13	8
36	13	8
36.1	13	8
36.2	0	0
36.3	0	0
36.4	11	10
36.5	11	10
36.6	11	10
36.7	11	0
36.8	11	0
36.9	11	9
37	11	9
37.1	11	9
37.2	0	0
37.3	0	0
37.4	12	9
37.5	12	9
37.6	12	9
37.7	12	9
37.8	12	9
37.9	12	9
38	12	9
38.1	12	9
38.2	12	9
38.3	12	9
38.4	12	9
38.5	12	9
38.6	12	9
38.7	12	9
38.8	12	9
38.9	12	9
39	12	9
39.1	12	9
39.2	12	9
39.3	12	9
39.4	0	0
39.5	0	0
39.6	15	10
39.7	15	10
39.8	15	10
39.9	15	0
40	15	0
40.1	15	10
40.2	15	10
40.3	15	10
40.4	15	10
40.5	15	10
40.6	15	0
40.7	15	0
40.8	15	10
40.9	15	10
41	15	10
41.1	0	0
41.2	0	0
41.3	12	10
41.4	12	10
41.5	12	10
41.6	12	10
41.7	12	10
41.8	12	0
41.9	12	0
42	12	9
42.1	12	9
42.2	12	9
42.3	12	9
42.4	12	9
42.5	0	0
42.6	0	0
42.7	11	8
42.8	11	8
42.9	11	8
43	11	0
43.1	11	0
43.2	11	8
43.3	11	8
43.4	11	8
43.5	11	8
43.6	11	8
43.7	11	0
43.8	11	0
43.9	11	8
44	11	8
44.1	11	8
44.2	0	0
44.3	0	0
44.4	15	9
44.5	15	9
44.6	15	9
44.7	15	0
44.8	15	0
44.9	15	8
45	15	8
45.1	15	8
45.2	15	0
45.3	15	0
45.4	15	6
45.5	15	6
45.6	15	6
45.7	15	0
45.8	15	0
45.9	15	5
46	15	5
46.1	15	5
46.2	0	0
46.3	0	0
46.4	16	5
46.5	16	5
46.6	16	5
46.7	16	0
46.8	16	0
46.9	16	5
47	16	5
47.1	16	5
47.2	16	5
47.3	16	5
47.4	16	0
47.5	16	0
47.6	16	5
47.7	16	5
47.8	16	5
47.9	0	0
48	0	0
48.1	12	6
48.2	12	6
48.3	12	6
48.4	12	0
48.5	12	0
48.6	12	5
48.7	12	5
48.8	12	5
48.9	12	0
49	12	0
49.1	12	9
49.2	12	9
49.3	12	9
49.4	12	0
49.5	12	0
49.6	12	10
49.7	12	10
49.8	12	10
49.9	0	0
50	0	0
50.1	15	8
50.2	15	8
50.3	15	8
50.4	15	8
50.5	15	8
50.6	15	8
50.7	15	8
50.8	15	8
50.9	15	8
51	15	8
51.1	15	8
51.2	15	8
51.3	15	8
51.4	15	8
51.5	15	8
51.6	15	8
51.7	15	8
51.8	15	8
51.9	15	8
52	15	8
52.1	0	0
