0.1 10 5
0.2 10 5
0.3 10 5
0.4 10 5
0.5 10 5
0.6 10 5
0.7 0 0
0.8 0 0
0.9 8 3
1.0 8 3
1.1 8 3
1.2 8 0
1.3 8 0
1.4 8 5
1.5 8 5
1.6 8 5
1.7 0 0
1.8 0 0
1.9 12 8
2.0 12 8
2.1 12 8
2.2 12 8
2.3 12 8
2.4 12 8
2.5 12 8
2.6 12 8
2.7 12 8
2.8 12 8
2.9 12 8
3.0 12 8
3.1 0 0
3.2 0 0
3.3 11 6
3.4 11 6
3.5 11 6
3.6 11 6
3.7 11 6
3.8 11 6
3.9 11 0
4.0 11 0
4.1 11 8
4.2 11 8
4.3 11 8
4.4 11 8
4.5 11 8
4.6 11 8
4.7 0 0
4.8 0 0
4.9 10 5
5.0 10 5
5.1 10 5
5.2 10 5
5.3 10 5
5.4 10 5
5.5 10 5
5.6 10 5
5.7 10 5
5.8 10 5
5.9 10 5
6.0 10 5
6.1 0 0
6.2 0 0
6.3 8 5
6.4 8 5
6.5 8 5
6.6 8 5
6.7 8 5
6.8 8 5
6.9 8 0
7.0 8 0
7.1 8 1
7.2 8 1
7.3 8 1
7.4 8 0
7.5 8 0
7.6 8 2
7.7 8 2
7.8 8 2
7.9 0 0
8.0 0 0
8.1 6 3
8.2 6 3
8.3 6 3
8.4 6 3
8.5 6 3
8.6 6 3
8.7 6 0
8.8 6 0
8.9 6 2
9.0 6 2
9.1 6 2
9.2 6 0
9.3 6 0
9.4 6 1
9.5 6 1
9.6 6 1
9.7 0 0
9.8 0 0
9.9 5 2
10.0 5 2
10.1 5 2
10.2 5 2
10.3 5 2
10.4 5 2
10.5 0 2
10.6 0 2
10.7 0 2
10.8 0 2
10.9 0 2
11.0 0 2
11.1 0 0
11.2 0 0
11.3 0 0
11.4 0 0
11.5 0 0
11.6 0 0
11.7 0 0
11.8 0 0
11.9 0 0
12.0 0 0
12.1 0 0
12.2 0 0
12.3 10 5
12.4 10 5
12.5 10 5
12.6 10 5
12.7 10 5
12.8 10 5
12.9 0 0
13.0 0 0
13.1 8 3
13.2 8 3
13.3 8 3
13.4 8 0
13.5 8 0
13.6 8 5
13.7 8 5
13.8 8 5
13.9 0 0
14.0 0 0
14.1 12 8
14.2 12 8
14.3 12 8
14.4 12 8
14.5 12 8
14.6 12 8
14.7 12 8
14.8 12 8
14.9 12 8
15.0 12 0
15.1 12 0
15.2 12 7
15.3 12 7
15.4 12 7
15.5 0 0
15.6 0 0
15.7 11 6
15.8 11 6
15.9 11 6
16.0 11 6
16.1 11 6
16.2 11 6
16.3 11 0
16.4 11 0
16.5 11 8
16.6 11 8
16.7 11 8
16.8 11 8
16.9 11 8
17.0 11 8
17.1 0 0
17.2 0 0
17.3 10 5
17.4 10 5
17.5 10 5
17.6 10 5
17.7 10 5
17.8 10 5
17.9 10 5
18.0 10 5
18.1 10 5
18.2 10 5
18.3 10 5
18.4 10 5
18.5 0 0
18.6 0 0
18.7 9 5
18.8 9 5
18.9 9 5
19.0 9 5
19.1 9 5
19.2 9 5
19.3 9 0
19.4 9 0
19.5 9 2
19.6 9 2
19.7 9 2
19.8 9 0
19.9 9 0
20.0 9 3
20.1 9 3
20.2 9 3
20.3 0 0
20.4 0 0
20.5 7 4
20.6 7 4
20.7 7 4
20.8 7 4
20.9 7 4
21.0 7 4
21.1 7 4
21.2 7 4
21.3 7 4
21.4 7 0
21.5 7 0
21.6 7 7
21.7 7 7
21.8 7 7
21.9 0 0
22.0 0 0
22.1 12 1
22.2 12 1
22.3 12 1
22.4 12 1
22.5 12 1
22.6 12 1
22.7 12 1
22.8 12 1
22.9 12 1
23.0 12 1
23.1 12 1
23.2 12 1
23.3 12 0
23.4 12 0
23.5 12 0
23.6 12 0
23.7 12 0
23.8 12 0
23.9 0 0
24.0 0 0
24.1 0 0
24.2 0 0
24.3 0 0
24.4 0 0
24.5 11 6
24.6 11 6
24.7 11 6
24.8 11 6
24.9 11 6
25.0 11 6
25.1 11 0
25.2 11 0
25.3 11 8
25.4 11 8
25.5 11 8
25.6 11 8
25.7 11 8
25.8 11 8
25.9 0 0
26.0 0 0
26.1 13 8
26.2 13 8
26.3 13 8
26.4 13 8
26.5 13 8
26.6 13 8
26.7 13 8
26.8 13 8
26.9 13 8
27.0 13 8
27.1 13 8
27.2 13 8
27.3 0 0
27.4 0 0
27.5 12 7
27.6 12 7
27.7 12 7
27.8 12 7
27.9 12 7
28.0 12 7
28.1 0 0
28.2 0 0
28.3 11 6
28.4 11 6
28.5 11 6
28.6 11 0
28.7 11 0
28.8 11 7
28.9 11 7
29.0 11 7
29.1 0 0
29.2 0 0
29.3 10 8
29.4 10 8
29.5 10 8
29.6 10 8
29.7 10 8
29.8 10 8
29.9 10 8
30.0 10 8
30.1 10 8
30.2 10 8
30.3 10 8
30.4 10 8
30.5 0 0
30.6 0 0
30.7 11 6
30.8 11 6
30.9 11 6
31.0 11 0
31.1 11 0
31.2 11 7
31.3 11 7
31.4 11 7
31.5 11 0
31.6 11 0
31.7 11 8
31.8 11 8
31.9 11 8
32.0 11 0
32.1 11 0
32.2 11 6
32.3 11 6
32.4 11 6
32.5 0 0
32.6 0 0
32.7 8 6
32.8 8 6
32.9 8 6
33.0 8 0
33.1 8 0
33.2 8 5
33.3 8 5
33.4 8 5
33.5 8 0
33.6 8 0
33.7 8 3
33.8 8 3
33.9 8 3
34.0 8 0
34.1 8 0
34.2 8 1
34.3 8 1
34.4 8 1
34.5 0 0
34.6 0 0
34.7 5 2
34.8 5 2
34.9 5 2
35.0 5 2
35.1 5 2
35.2 5 2
35.3 5 2
35.4 5 2
35.5 5 2
35.6 5 2
35.7 5 2
35.8 5 2
35.9 5 0
36.0 5 0
36.1 5 0
36.2 5 0
36.3 5 0
36.4 5 0
36.5 5 0
36.6 5 0
36.7 5 0
36.8 5 0
36.9 5 0
37.0 5 0
37.1 0 0
37.2 0 0
37.3 10 5
37.4 10 5
37.5 10 5
37.6 10 5
37.7 10 5
37.8 10 5
37.9 0 0
38.0 0 0
38.1 8 3
38.2 8 3
38.3 8 3
38.4 8 0
38.5 8 0
38.6 8 5
38.7 8 5
38.8 8 5
38.9 0 0
39.0 0 0
39.1 12 8
39.2 12 8
39.3 12 8
39.4 12 8
39.5 12 8
39.6 12 8
39.7 12 8
39.8 12 8
39.9 12 8
40.0 12 0
40.1 12 0
40.2 12 7
40.3 12 7
40.4 12 7
40.5 0 0
40.6 0 0
40.7 11 6
40.8 11 6
40.9 11 6
41.0 11 6
41.1 11 6
41.2 11 6
41.3 11 0
41.4 11 0
41.5 11 8
41.6 11 8
41.7 11 8
41.8 11 8
41.9 11 8
42.0 11 8
42.1 0 0
42.2 0 0
42.3 10 5
42.4 10 5
42.5 10 5
42.6 10 5
42.7 10 5
42.8 10 5
42.9 10 5
43.0 10 5
43.1 10 5
43.2 10 5
43.3 10 5
43.4 10 5
43.5 0 0
43.6 0 0
43.7 9 5
43.8 9 5
43.9 9 5
44.0 9 5
44.1 9 5
44.2 9 5
44.3 9 0
44.4 9 0
44.5 9 2
44.6 9 2
44.7 9 2
44.8 9 0
44.9 9 0
45.0 9 3
45.1 9 3
45.2 9 3
45.3 0 0
45.4 0 0
45.5 12 4
45.6 12 4
45.7 12 4
45.8 12 4
45.9 12 4
46.0 12 4
46.1 12 4
46.2 12 4
46.3 12 4
46.4 12 0
46.5 12 0
46.6 12 7
46.7 12 7
46.8 12 7
46.9 0 0
47.0 0 0
47.1 10 1
47.2 10 1
47.3 10 1
47.4 10 1
47.5 10 1
47.6 10 1
47.7 10 1
47.8 10 1
47.9 10 1
48.0 10 1
48.1 10 1
48.2 10 1
48.3 10 1
48.4 10 1
48.5 10 1
48.6 10 1
48.7 10 1
48.8 10 1
48.9 10 0
49.0 10 0
49.1 10 0
49.2 10 0
49.3 10 0
49.4 10 0
49.5 0 0
