0.1	17	5
0.2	17	5
0.3	17	5
0.4	17	5
0.5	17	5
0.6	17	5
0.7	0	0
0.8	0	0
0.9	15	3
1	15	3
1.1	15	3
1.2	15	0
1.3	15	0
1.4	15	5
1.5	15	5
1.6	15	5
1.7	0	0
1.8	0	0
1.9	19	8
2	19	8
2.1	19	8
2.2	19	8
2.3	19	8
2.4	19	8
2.5	19	8
2.6	19	8
2.7	19	8
2.8	19	8
2.9	19	8
3	19	8
3.1	0	0
3.2	0	0
3.3	18	6
3.4	18	6
3.5	18	6
3.6	18	6
3.7	18	6
3.8	18	6
3.9	18	0
4	18	0
4.1	18	8
4.2	18	8
4.3	18	8
4.4	18	8
4.5	18	8
4.6	18	8
4.7	0	0
4.8	0	0
4.9	17	5
5	17	5
5.1	17	5
5.2	17	5
5.3	17	5
5.4	17	5
5.5	17	5
5.6	17	5
5.7	17	5
5.8	17	5
5.9	17	5
6	17	5
6.1	0	0
6.2	0	0
6.3	15	5
6.4	15	5
6.5	15	5
6.6	15	5
6.7	15	5
6.8	15	5
6.9	15	0
7	15	0
7.1	15	1
7.2	15	1
7.3	15	1
7.4	15	0
7.5	15	0
7.6	15	2
7.7	15	2
7.8	15	2
7.9	0	0
8	0	0
8.1	13	3
8.2	13	3
8.3	13	3
8.4	13	3
8.5	13	3
8.6	13	3
8.7	13	0
8.8	13	0
8.9	13	2
9	13	2
9.1	13	2
9.2	13	0
9.3	13	0
9.4	13	1
9.5	13	1
9.6	13	1
9.7	0	0
9.8	0	0
9.9	12	2
10	12	2
10.1	12	2
10.2	12	2
10.3	12	2
10.4	12	2
10.5	0	2
10.6	0	2
10.7	0	2
10.8	0	2
10.9	0	2
11	0	2
11.1	0	0
11.2	0	0
11.3	0	0
11.4	0	0
11.5	0	0
11.6	0	0
11.7	0	0
11.8	0	0
11.9	0	0
12	0	0
12.1	0	0
12.2	0	0
12.3	17	5
12.4	17	5
12.5	17	5
12.6	17	5
12.7	17	5
12.8	17	5
12.9	0	0
13	0	0
13.1	15	3
13.2	15	3
13.3	15	3
13.4	15	0
13.5	15	0
13.6	15	5
13.7	15	5
13.8	15	5
13.9	0	0
14	0	0
14.1	19	8
14.2	19	8
14.3	19	8
14.4	19	8
14.5	19	8
14.6	19	8
14.7	19	8
14.8	19	8
14.9	19	8
15	19	0
15.1	19	0
15.2	19	7
15.3	19	7
15.4	19	7
15.5	0	0
15.6	0	0
15.7	18	6
15.8	18	6
15.9	18	6
16	18	6
16.1	18	6
16.2	18	6
16.3	18	0
16.4	18	0
16.5	18	8
16.6	18	8
16.7	18	8
16.8	18	8
16.9	18	8
17	18	8
17.1	0	0
17.2	0	0
17.3	17	5
17.4	17	5
17.5	17	5
17.6	17	5
17.7	17	5
17.8	17	5
17.9	17	5
18	17	5
18.1	17	5
18.2	17	5
18.3	17	5
18.4	17	5
18.5	0	0
18.6	0	0
18.7	16	5
18.8	16	5
18.9	16	5
19	16	5
19.1	16	5
19.2	16	5
19.3	16	0
19.4	16	0
19.5	16	2
19.6	16	2
19.7	16	2
19.8	16	0
19.9	16	0
20	16	3
20.1	16	3
20.2	16	3
20.3	0	0
20.4	0	0
20.5	14	4
20.6	14	4
20.7	14	4
20.8	14	4
20.9	14	4
21	14	4
21.1	14	4
21.2	14	4
21.3	14	4
21.4	14	0
21.5	14	0
21.6	14	7
21.7	14	7
21.8	14	7
21.9	0	0
22	0	0
22.1	19	1
22.2	19	1
22.3	19	1
22.4	19	1
22.5	19	1
22.6	19	1
22.7	19	1
22.8	19	1
22.9	19	1
23	19	1
23.1	19	1
23.2	19	1
23.3	19	0
23.4	19	0
23.5	19	0
23.6	19	0
23.7	19	0
23.8	19	0
23.9	0	0
24	0	0
24.1	0	0
24.2	0	0
24.3	0	0
24.4	0	0
24.5	18	6
24.6	18	6
24.7	18	6
24.8	18	6
24.9	18	6
25	18	6
25.1	18	0
25.2	18	0
25.3	18	8
25.4	18	8
25.5	18	8
25.6	18	8
25.7	18	8
25.8	18	8
25.9	0	0
26	0	0
26.1	20	8
26.2	20	8
26.3	20	8
26.4	20	8
26.5	20	8
26.6	20	8
26.7	20	8
26.8	20	8
26.9	20	8
27	20	8
27.1	20	8
27.2	20	8
27.3	0	0
27.4	0	0
27.5	19	7
27.6	19	7
27.7	19	7
27.8	19	7
27.9	19	7
28	19	7
28.1	0	0
28.2	0	0
28.3	18	6
28.4	18	6
28.5	18	6
28.6	18	0
28.7	18	0
28.8	18	7
28.9	18	7
29	18	7
29.1	0	0
29.2	0	0
29.3	17	8
29.4	17	8
29.5	17	8
29.6	17	8
29.7	17	8
29.8	17	8
29.9	17	8
30	17	8
30.1	17	8
30.2	17	8
30.3	17	8
30.4	17	8
30.5	0	0
30.6	0	0
30.7	18	6
30.8	18	6
30.9	18	6
31	18	0
31.1	18	0
31.2	18	7
31.3	18	7
31.4	18	7
31.5	18	0
31.6	18	0
31.7	18	8
31.8	18	8
31.9	18	8
32	18	0
32.1	18	0
32.2	18	6
32.3	18	6
32.4	18	6
32.5	0	0
32.6	0	0
32.7	15	6
32.8	15	6
32.9	15	6
33	15	0
33.1	15	0
33.2	15	5
33.3	15	5
33.4	15	5
33.5	15	0
33.6	15	0
33.7	15	3
33.8	15	3
33.9	15	3
34	15	0
34.1	15	0
34.2	15	1
34.3	15	1
34.4	15	1
34.5	0	0
34.6	0	0
34.7	12	2
34.8	12	2
34.9	12	2
35	12	2
35.1	12	2
35.2	12	2
35.3	12	2
35.4	12	2
35.5	12	2
35.6	12	2
35.7	12	2
35.8	12	2
35.9	12	0
36	12	0
36.1	12	0
36.2	12	0
36.3	12	0
36.4	12	0
36.5	12	0
36.6	12	0
36.7	12	0
36.8	12	0
36.9	12	0
37	12	0
37.1	0	0
37.2	0	0
37.3	17	5
37.4	17	5
37.5	17	5
37.6	17	5
37.7	17	5
37.8	17	5
37.9	0	0
38	0	0
38.1	15	3
38.2	15	3
38.3	15	3
38.4	15	0
38.5	15	0
38.6	15	5
38.7	15	5
38.8	15	5
38.9	0	0
39	0	0
39.1	19	8
39.2	19	8
39.3	19	8
39.4	19	8
39.5	19	8
39.6	19	8
39.7	19	8
39.8	19	8
39.9	19	8
40	19	0
40.1	19	0
40.2	19	7
40.3	19	7
40.4	19	7
40.5	0	0
40.6	0	0
40.7	18	6
40.8	18	6
40.9	18	6
41	18	6
41.1	18	6
41.2	18	6
41.3	18	0
41.4	18	0
41.5	18	8
41.6	18	8
41.7	18	8
41.8	18	8
41.9	18	8
42	18	8
42.1	0	0
42.2	0	0
42.3	17	5
42.4	17	5
42.5	17	5
42.6	17	5
42.7	17	5
42.8	17	5
42.9	17	5
43	17	5
43.1	17	5
43.2	17	5
43.3	17	5
43.4	17	5
43.5	0	0
43.6	0	0
43.7	16	5
43.8	16	5
43.9	16	5
44	16	5
44.1	16	5
44.2	16	5
44.3	16	0
44.4	16	0
44.5	16	2
44.6	16	2
44.7	16	2
44.8	16	0
44.9	16	0
45	16	3
45.1	16	3
45.2	16	3
45.3	0	0
45.4	0	0
45.5	19	4
45.6	19	4
45.7	19	4
45.8	19	4
45.9	19	4
46	19	4
46.1	19	4
46.2	19	4
46.3	19	4
46.4	19	0
46.5	19	0
46.6	19	7
46.7	19	7
46.8	19	7
46.9	0	0
47	0	0
47.1	17	1
47.2	17	1
47.3	17	1
47.4	17	1
47.5	17	1
47.6	17	1
47.7	17	1
47.8	17	1
47.9	17	1
48	17	1
48.1	17	1
48.2	17	1
48.3	17	1
48.4	17	1
48.5	17	1
48.6	17	1
48.7	17	1
48.8	17	1
48.9	17	0
49	17	0
49.1	17	0
49.2	17	0
49.3	17	0
49.4	17	0
49.5	0	0
