0.0     0       0
0.0     0       0
0.1	0	-3
0.2	0	-3
0.3	0	-3
0.4	0	-3
0.5	0	-3
0.6	0	-3
0.7	0	-3
0.8	0	-3
0.9	0	-3
1	0	-3
1.1	0	-3
1.2	0	-3
1.3	0	0
1.4	0	0
1.5	8	-2
1.6	8	-2
1.7	8	-2
1.8	8	-2
1.9	8	-2
2	8	-2
2.1	0	0
2.2	0	0
2.3	10	-3
2.4	10	-3
2.5	10	-3
2.6	10	-3
2.7	10	-3
2.8	10	-3
2.9	10	0
3	10	0
3.1	10	1
3.2	10	1
3.3	10	1
3.4	10	1
3.5	10	1
3.6	10	1
3.7	0	0
3.8	0	0
3.9	9	-1
4	9	-1
4.1	9	-1
4.2	9	-1
4.3	9	-1
4.4	9	-1
4.5	0	-1
4.6	0	-1
4.7	11	-1
4.8	11	-1
4.9	11	-1
5	11	-1
5.1	11	-1
5.2	11	-1
5.3	11	0
5.4	11	0
5.5	11	-3
5.6	11	-3
5.7	11	-3
5.8	11	0
5.9	11	0
6	11	-3
6.1	11	-3
6.2	11	-3
6.3	0	0
6.4	0	0
6.5	14	-2
6.6	14	-2
6.7	14	-2
6.8	14	-2
6.9	14	-2
7	14	-2
7.1	0	0
7.2	0	0
7.3	9	-3
7.4	9	-3
7.5	9	-3
7.6	9	-3
7.7	9	-3
7.8	9	-3
7.9	0	0
8	0	0
8.1	11	2
8.2	11	2
8.3	11	2
8.4	11	2
8.5	11	2
8.6	11	2
8.7	0	0
8.8	0	0
8.9	10	1
9	10	1
9.1	10	1
9.2	10	1
9.3	10	1
9.4	10	1
9.5	0	1
9.6	0	1
9.7	8	1
9.8	8	1
9.9	8	1
10	8	1
10.1	8	0
10.2	8	0
10.3	8	-3
10.4	8	-3
10.5	8	-3
10.6	8	0
10.7	8	0
10.8	8	-3
10.9	8	-3
11	8	-3
11.1	0	0
11.2	0	0
11.3	10	5
11.4	10	5
11.5	10	5
11.6	10	5
11.7	10	5
11.8	10	5
11.9	0	0
12	0	0
12.1	12	3
12.2	12	3
12.3	12	3
12.4	12	3
12.5	12	3
12.6	12	3
12.7	12	0
12.8	12	0
12.9	12	1
13	12	1
13.1	12	1
13.2	12	1
13.3	12	1
13.4	12	1
13.5	0	0
13.6	0	0
13.7	11	-1
13.8	11	-1
13.9	11	-1
14	11	-1
14.1	11	-1
14.2	11	-1
14.3	11	0
14.4	11	0
14.5	11	-2
14.6	11	-2
14.7	11	-2
14.8	11	-2
14.9	11	-2
15	11	-2
15.1	0	0
15.2	0	0
15.3	13	4
15.4	13	4
15.5	13	4
15.6	13	0
15.7	13	0
15.8	13	4
15.9	13	4
16	13	4
16.1	0	0
16.2	0	0
16.3	12	3
16.4	12	3
16.5	12	3
16.6	12	3
16.7	12	3
16.8	12	3
16.9	12	0
17	12	0
17.1	12	1
17.2	12	1
17.3	12	1
17.4	12	1
17.5	12	1
17.6	12	1
17.7	0	0
17.8	0	0
17.9	11	2
18	11	2
18.1	11	2
18.2	11	2
18.3	11	2
18.4	11	2
18.5	0	0
18.6	0	0
18.7	10	1
18.8	10	1
18.9	10	1
19	10	1
19.1	10	1
19.2	10	1
19.3	10	1
19.4	10	1
19.5	10	1
19.6	10	1
19.7	10	1
19.8	10	1
19.9	10	1
20	10	1
20.1	10	1
20.2	10	1
20.3	10	1
20.4	10	1
20.5	0	0
20.6	0	0
