0	0	0
0.1	8	3
0.2	8	3
0.3	8	3
0.4	8	3
0.5	8	3
0.6	8	3
0.7	8	0
0.8	8	0
0.9	8	3
1	8	3
1.1	8	3
1.2	8	3
1.3	8	3
1.4	8	3
1.5	0	0
1.6	0	0
1.7	9	4
1.8	9	4
1.9	9	4
2	9	4
2.1	9	4
2.2	9	4
2.3	0	0
2.4	0	0
2.5	10	5
2.6	10	5
2.7	10	5
2.8	10	5
2.9	10	5
3	10	5
3.1	0	0
3.2	0	0
3.3	9	5
3.4	9	5
3.5	9	5
3.6	9	5
3.7	9	5
3.8	9	5
3.9	9	0
4	9	0
4.1	9	4
4.2	9	4
4.3	9	4
4.4	9	4
4.5	9	4
4.6	9	4
4.7	0	0
4.8	0	0
4.9	12	3
5	12	3
5.1	12	3
5.2	12	3
5.3	12	3
5.4	12	3
5.5	12	0
5.6	12	0
5.7	12	2
5.8	12	2
5.9	12	2
6	12	2
6.1	12	2
6.2	12	2
6.3	0	0
6.4	0	0
6.5	10	1
6.6	10	1
6.7	10	1
6.8	10	1
6.9	10	1
7	10	1
7.1	10	0
7.2	10	0
7.3	10	1
7.4	10	1
7.5	10	1
7.6	10	1
7.7	10	1
7.8	10	1
7.9	0	0
8	0	0
8.1	11	2
8.2	11	2
8.3	11	2
8.4	11	2
8.5	11	2
8.6	11	2
8.7	0	0
8.8	0	0
8.9	12	3
9	12	3
9.1	12	3
9.2	12	3
9.3	12	3
9.4	12	3
9.5	0	0
9.6	0	0
9.7	12	3
9.8	12	3
9.9	12	3
10	12	3
10.1	12	3
10.2	12	3
10.3	12	3
10.4	12	3
10.5	12	3
10.6	12	0
10.7	12	0
10.8	12	2
10.9	12	2
11	12	2
11.1	0	0
11.2	0	0
11.3	12	2
11.4	12	2
11.5	12	2
11.6	12	2
11.7	12	2
11.8	12	2
11.9	12	2
12	12	2
12.1	12	2
12.2	12	2
12.3	12	2
12.4	12	2
12.5	0	0
12.6	0	0
12.7	8	3
12.8	8	3
12.9	8	3
13	8	3
13.1	8	3
13.2	8	3
13.3	8	0
13.4	8	0
13.5	8	3
13.6	8	3
13.7	8	3
13.8	8	3
13.9	8	3
14	8	3
14.1	0	0
14.2	0	0
14.3	9	4
14.4	9	4
14.5	9	4
14.6	9	4
14.7	9	4
14.8	9	4
14.9	0	0
15	0	0
15.1	10	5
15.2	10	5
15.3	10	5
15.4	10	5
15.5	10	5
15.6	10	5
15.7	0	0
15.8	0	0
15.9	9	5
16	9	5
16.1	9	5
16.2	9	5
16.3	9	5
16.4	9	5
16.5	9	0
16.6	9	0
16.7	9	4
16.8	9	4
16.9	9	4
17	9	4
17.1	9	4
17.2	9	4
17.3	0	0
17.4	0	0
17.5	12	3
17.6	12	3
17.7	12	3
17.8	12	3
17.9	12	3
18	12	3
18.1	12	0
18.2	12	0
18.3	12	2
18.4	12	2
18.5	12	2
18.6	12	2
18.7	12	2
18.8	12	2
18.9	0	0
19	0	0
19.1	10	1
19.2	10	1
19.3	10	1
19.4	10	1
19.5	10	1
19.6	10	1
19.7	10	0
19.8	10	0
19.9	10	1
20	10	1
20.1	10	1
20.2	10	1
20.3	10	1
20.4	10	1
20.5	0	0
20.6	0	0
20.7	11	2
20.8	11	2
20.9	11	2
21	11	2
21.1	11	2
21.2	11	2
21.3	0	0
21.4	0	0
21.5	12	3
21.6	12	3
21.7	12	3
21.8	12	3
21.9	12	3
22	12	3
22.1	0	0
22.2	0	0
22.3	11	2
22.4	11	2
22.5	11	2
22.6	11	2
22.7	11	2
22.8	11	2
22.9	11	2
23	11	2
23.1	11	2
23.2	11	0
23.3	11	0
23.4	11	1
23.5	11	1
23.6	11	1
23.7	0	0
23.8	0	0
23.9	10	1
24	10	1
24.1	10	1
24.2	10	1
24.3	10	1
24.4	10	1
24.5	10	1
24.6	10	1
24.7	10	1
24.8	10	1
24.9	10	1
25	10	1
25.1	0	0
25.2	0	0
25.3	12	2
25.4	12	2
25.5	12	2
25.6	12	2
25.7	12	2
25.8	12	2
25.9	12	0
26	12	0
26.1	12	2
26.2	12	2
26.3	12	2
26.4	12	2
26.5	12	2
26.6	12	2
26.7	0	0
26.8	0	0
26.9	12	3
27	12	3
27.1	12	3
27.2	12	3
27.3	12	3
27.4	12	3
27.5	0	0
27.6	0	0
27.7	10	1
27.8	10	1
27.9	10	1
28	10	1
28.1	10	1
28.2	10	1
28.3	0	0
28.4	0	0
28.5	12	2
28.6	12	2
28.7	12	2
28.8	12	2
28.9	12	2
29	12	2
29.1	12	0
29.2	12	0
29.3	12	3
29.4	12	3
29.5	12	3
29.6	12	0
29.7	12	0
29.8	12	4
29.9	12	4
30	12	4
30.1	0	0
30.2	0	0
30.3	12	3
30.4	12	3
30.5	12	3
30.6	12	3
30.7	12	3
30.8	12	3
30.9	0	0
31	0	0
31.1	10	1
31.2	10	1
31.3	10	1
31.4	10	1
31.5	10	1
31.6	10	1
31.7	0	0
31.8	0	0
31.9	11	2
32	11	2
32.1	11	2
32.2	11	2
32.3	11	2
32.4	11	2
32.5	11	0
32.6	11	0
32.7	11	3
32.8	11	3
32.9	11	3
33	11	0
33.1	11	0
33.2	11	4
33.3	11	4
33.4	11	4
33.5	0	0
33.6	0	0
33.7	12	3
33.8	12	3
33.9	12	3
34	12	3
34.1	12	3
34.2	12	3
34.3	0	0
34.4	0	0
34.5	12	2
34.6	12	2
34.7	12	2
34.8	12	2
34.9	12	2
35	12	2
35.1	0	0
35.2	0	0
35.3	9	1
35.4	9	1
35.5	9	1
35.6	9	0
35.7	9	0
35.8	9	2
35.9	9	2
36	9	2
36.1	9	0
36.2	9	0
36.3	9	5
36.4	9	5
36.5	9	5
36.6	9	5
36.7	9	5
36.8	9	5
36.9	0	0
37	0	0
37.1	8	3
37.2	8	3
37.3	8	3
37.4	8	3
37.5	8	3
37.6	8	3
37.7	8	3
37.8	8	3
37.9	8	3
38	8	3
38.1	8	3
38.2	8	3
38.3	0	0
38.4	0	0
38.5	8	3
38.6	8	3
38.7	8	3
38.8	8	3
38.9	8	3
39	8	3
39.1	0	0
39.2	0	0
39.3	9	4
39.4	9	4
39.5	9	4
39.6	9	4
39.7	9	4
39.8	9	4
39.9	0	0
40	0	0
40.1	10	5
40.2	10	5
40.3	10	5
40.4	10	5
40.5	10	5
40.6	10	5
40.7	0	0
40.8	0	0
40.9	9	5
41	9	5
41.1	9	5
41.2	9	5
41.3	9	5
41.4	9	5
41.5	9	0
41.6	9	0
41.7	9	4
41.8	9	4
41.9	9	4
42	9	4
42.1	9	4
42.2	9	4
42.3	0	0
42.4	0	0
42.5	12	3
42.6	12	3
42.7	12	3
42.8	12	3
42.9	12	3
43	12	3
43.1	12	0
43.2	12	0
43.3	12	4
43.4	12	4
43.5	12	4
43.6	12	0
43.7	12	0
43.8	12	2
43.9	12	2
44	12	2
44.1	0	0
44.2	0	0
44.3	10	1
44.4	10	1
44.5	10	1
44.6	10	1
44.7	10	1
44.8	10	1
44.9	10	0
45	10	0
45.1	10	1
45.2	10	1
45.3	10	1
45.4	10	1
45.5	10	1
45.6	10	1
45.7	0	0
45.8	0	0
45.9	11	2
46	11	2
46.1	11	2
46.2	11	2
46.3	11	2
46.4	11	2
46.5	0	0
46.6	0	0
46.7	12	3
46.8	12	3
46.9	12	3
47	12	3
47.1	12	3
47.2	12	3
47.3	0	0
47.4	0	0
47.5	12	2
47.6	12	2
47.7	12	2
47.8	12	2
47.9	12	2
48	12	2
48.1	12	2
48.2	12	2
48.3	12	2
48.4	12	0
48.5	12	0
48.6	12	1
48.7	12	1
48.8	12	1
48.9	0	0
49	0	0
49.1	10	1
49.2	10	1
49.3	10	1
49.4	10	1
49.5	10	1
49.6	10	1
49.7	10	1
49.8	10	1
49.9	10	1
50	10	1
50.1	10	1
50.2	10	1
50.3	0	0
50.4	0	0
50.5	12	2
50.6	12	2
50.7	12	2
50.8	12	2
50.9	12	2
51	12	2
51.1	12	0
51.2	12	0
51.3	12	2
51.4	12	2
51.5	12	2
51.6	12	2
51.7	12	2
51.8	12	2
51.9	0	0
52	0	0
52.1	12	3
52.2	12	3
52.3	12	3
52.4	12	3
52.5	12	3
52.6	12	3
52.7	0	0
52.8	0	0
52.9	10	1
53	10	1
53.1	10	1
53.2	10	1
53.3	10	1
53.4	10	1
53.5	0	0
53.6	0	0
53.7	12	2
53.8	12	2
53.9	12	2
54	12	2
54.1	12	2
54.2	12	2
54.3	12	0
54.4	12	0
54.5	12	3
54.6	12	3
54.7	12	3
54.8	12	0
54.9	12	0
55	12	4
55.1	12	4
55.2	12	4
55.3	0	0
55.4	0	0
55.5	12	3
55.6	12	3
55.7	12	3
55.8	12	3
55.9	12	3
56	12	3
56.1	0	0
56.2	0	0
56.3	10	1
56.4	10	1
56.5	10	1
56.6	10	1
56.7	10	1
56.8	10	1
56.9	0	0
57	0	0
57.1	11	2
57.2	11	2
57.3	11	2
57.4	11	2
57.5	11	2
57.6	11	2
57.7	11	0
57.8	11	0
57.9	11	3
58	11	3
58.1	11	3
58.2	11	0
58.3	11	0
58.4	11	4
58.5	11	4
58.6	11	4
58.7	0	0
58.8	0	0
58.9	12	3
59	12	3
59.1	12	3
59.2	12	3
59.3	12	3
59.4	12	3
59.5	0	0
59.6	0	0
59.7	12	2
59.8	12	2
59.9	12	2
60	12	2
60.1	12	2
60.2	12	2
60.3	0	0
60.4	0	0
60.5	9	1
60.6	9	1
60.7	9	1
60.8	9	0
60.9	9	0
61	9	2
61.1	9	2
61.2	9	2
61.3	9	0
61.4	9	0
61.5	9	5
61.6	9	5
61.7	9	5
61.8	9	5
61.9	9	5
62	9	5
62.1	0	0
62.2	0	0
62.3	8	3
62.4	8	3
62.5	8	3
62.6	8	3
62.7	8	3
62.8	8	3
62.9	8	3
63	8	3
63.1	8	3
63.2	8	3
63.3	8	3
63.4	8	3
63.5	0	0
63.6	0	0
63.7	8	3
63.8	8	3
63.9	8	3
64	8	3
64.1	8	3
64.2	8	3
64.3	0	0
64.4	0	0
64.5	9	4
64.6	9	4
64.7	9	4
64.8	9	4
64.9	9	4
65	9	4
65.1	0	0
65.2	0	0
65.3	10	5
65.4	10	5
65.5	10	5
65.6	10	5
65.7	10	5
65.8	10	5
65.9	0	0
66	0	0
66.1	9	5
66.2	9	5
66.3	9	5
66.4	9	5
66.5	9	5
66.6	9	5
66.7	9	0
66.8	9	0
66.9	9	4
67	9	4
67.1	9	4
67.2	9	4
67.3	9	4
67.4	9	4
67.5	0	0
67.6	0	0
67.7	12	3
67.8	12	3
67.9	12	3
68	12	3
68.1	12	3
68.2	12	3
68.3	12	0
68.4	12	0
68.5	12	4
68.6	12	4
68.7	12	4
68.8	12	0
68.9	12	0
69	12	2
69.1	12	2
69.2	12	2
69.3	0	0
69.4	0	0
69.5	10	1
69.6	10	1
69.7	10	1
69.8	10	1
69.9	10	1
70	10	1
70.1	10	0
70.2	10	0
70.3	10	1
70.4	10	1
70.5	10	1
70.6	10	1
70.7	10	1
70.8	10	1
70.9	0	0
71	0	0
71.1	11	2
71.2	11	2
71.3	11	2
71.4	11	2
71.5	11	2
71.6	11	2
71.7	0	0
71.8	0	0
71.9	12	3
72	12	3
72.1	12	3
72.2	12	3
72.3	12	3
72.4	12	3
72.5	0	0
72.6	0	0
72.7	12	2
72.8	12	2
72.9	12	2
73	12	2
73.1	12	2
73.2	12	2
73.3	12	2
73.4	12	2
73.5	12	2
73.6	12	0
73.7	12	0
73.8	12	1
73.9	12	1
74	12	1
74.1	0	0
74.2	0	0
74.3	10	1
74.4	10	1
74.5	10	1
74.6	10	1
74.7	10	1
74.8	10	1
74.9	10	1
75	10	1
75.1	10	1
75.2	10	1
75.3	10	1
75.4	10	1
75.5	0	0
75.6	0	0
