0       0       0
0	0	0
0.1	15	5
0.2	15	5
0.3	15	5
0.4	15	0
0.5	15	0
0.6	15	6
0.7	15	6
0.8	15	6
0.9	0	0
1	0	0
1.1	12	5
1.2	12	5
1.3	12	5
1.4	12	0
1.5	12	0
1.6	12	6
1.7	12	6
1.8	12	6
1.9	0	0
2	0	0
2.1	10	5
2.2	10	5
2.3	10	5
2.4	10	0
2.5	10	0
2.6	10	6
2.7	10	6
2.8	10	6
2.9	0	0
3	0	0
3.1	8	5
3.2	8	5
3.3	8	5
3.4	8	5
3.5	8	5
3.6	8	5
3.7	0	0
3.8	0	0
3.9	8	5
4	8	5
4.1	8	5
4.2	8	0
4.3	8	0
4.4	8	8
4.5	8	8
4.6	8	8
4.7	0	0
4.8	0	0
4.9	10	7
5	10	7
5.1	10	7
5.2	10	0
5.3	10	0
5.4	10	6
5.5	10	6
5.6	10	6
5.7	0	0
5.8	0	0
5.9	12	5
6	12	5
6.1	12	5
6.2	12	5
6.3	12	5
6.4	12	5
6.5	0	0
6.6	0	0
6.7	15	3
6.8	15	3
6.9	15	3
7	15	3
7.1	15	3
7.2	15	3
7.3	0	0
7.4	0	0
7.5	10	5
7.6	10	5
7.7	10	5
7.8	10	0
7.9	10	0
8	10	5
8.1	10	5
8.2	10	5
8.3	0	0
8.4	0	0
8.5	12	3
8.6	12	3
8.7	12	3
8.8	12	0
8.9	12	0
9	12	4
9.1	12	4
9.2	12	4
9.3	0	0
9.4	0	0
9.5	10	5
9.6	10	5
9.7	10	5
9.8	10	0
9.9	10	0
10	10	5
10.1	10	5
10.2	10	5
10.3	0	0
10.4	0	0
10.5	8	3
10.6	8	3
10.7	8	3
10.8	8	3
10.9	8	3
11	8	3
11.1	0	0
11.2	0	0
11.3	9	2
11.4	9	2
11.5	9	2
11.6	9	0
11.7	9	0
11.8	9	5
11.9	9	5
12	9	5
12.1	0	0
12.2	0	0
12.3	12	3
12.4	12	3
12.5	12	3
12.6	12	0
12.7	12	0
12.8	12	2
12.9	12	2
13	12	2
13.1	0	0
13.2	0	0
13.3	10	1
13.4	10	1
13.5	10	1
13.6	10	0
13.7	10	0
13.8	10	2
13.9	10	2
14	10	2
14.1	10	0
14.2	10	0
14.3	10	1
14.4	10	1
14.5	10	1
14.6	10	1
14.7	10	1
14.8	10	1
14.9	0	0
15	0	0
15.1	8	5
15.2	8	5
15.3	8	5
15.4	8	0
15.5	8	0
15.6	8	6
15.7	8	6
15.8	8	6
15.9	0	0
16	0	0
16.1	12	5
16.2	12	5
16.3	12	5
16.4	12	0
16.5	12	0
16.6	12	6
16.7	12	6
16.8	12	6
16.9	0	0
17	0	0
17.1	10	5
17.2	10	5
17.3	10	5
17.4	10	0
17.5	10	0
17.6	10	6
17.7	10	6
17.8	10	6
17.9	0	0
18	0	0
18.1	15	5
18.2	15	5
18.3	15	5
18.4	15	5
18.5	15	5
18.6	15	5
18.7	0	0
18.8	0	0
18.9	15	5
19	15	5
19.1	15	5
19.2	15	0
19.3	15	0
19.4	15	8
19.5	15	8
19.6	15	8
19.7	0	0
19.8	0	0
19.9	12	7
20	12	7
20.1	12	7
20.2	12	0
20.3	12	0
20.4	12	6
20.5	12	6
20.6	12	6
20.7	0	0
20.8	0	0
20.9	10	5
21	10	5
21.1	10	5
21.2	10	5
21.3	10	5
21.4	10	5
21.5	0	0
21.6	0	0
21.7	8	3
21.8	8	3
21.9	8	3
22	8	3
22.1	8	3
22.2	8	3
22.3	0	0
22.4	0	0
22.5	10	5
22.6	10	5
22.7	10	5
22.8	10	0
22.9	10	0
23	10	5
23.1	10	5
23.2	10	5
23.3	0	0
23.4	0	0
23.5	12	3
23.6	12	3
23.7	12	3
23.8	12	0
23.9	12	0
24	12	3
24.1	12	3
24.2	12	3
24.3	0	0
24.4	0	0
24.5	10	5
24.6	10	5
24.7	10	5
24.8	10	0
24.9	10	0
25	10	5
25.1	10	5
25.2	10	5
25.3	0	0
25.4	0	0
25.5	8	3
25.6	8	3
25.7	8	3
25.8	8	3
25.9	8	3
26	8	3
26.1	0	0
26.2	0	0
26.3	12	2
26.4	12	2
26.5	12	2
26.6	12	0
26.7	12	0
26.8	12	5
26.9	12	5
27	12	5
27.1	0	0
27.2	0	0
27.3	12	3
27.4	12	3
27.5	12	3
27.6	12	0
27.7	12	0
27.8	12	2
27.9	12	2
28	12	2
28.1	0	0
28.2	0	0
28.3	10	1
28.4	10	1
28.5	10	1
28.6	10	0
28.7	10	0
28.8	10	2
28.9	10	2
29	10	2
29.1	0	0
29.2	0	0
29.3	8	1
29.4	8	1
29.5	8	1
29.6	8	1
29.7	8	1
29.8	8	1
