    	 0         0         0
	 0         0         0
    0.1000    8.0000   -3.0000
    0.2000    8.0000   -3.0000
    0.3000    8.0000   -3.0000
    0.4000    8.0000   -3.0000
    0.5000    8.0000   -3.0000
    0.6000    8.0000         0
    0.7000    8.0000         0
    0.8000    8.0000    5.0000
    0.9000    8.0000    5.0000
    1.0000    8.0000    5.0000
    1.1000    8.0000    5.0000
    1.2000    8.0000    5.0000
    1.3000         0         0
    1.4000         0         0
    1.5000    7.0000    4.0000
    1.6000    7.0000    4.0000
    1.7000    7.0000    4.0000
    1.8000    7.0000    4.0000
    1.9000    7.0000    4.0000
    2.0000    7.0000         0
    2.1000    7.0000         0
    2.2000    7.0000    3.0000
    2.3000    7.0000    3.0000
    2.4000    7.0000    3.0000
    2.5000    7.0000    3.0000
    2.6000    7.0000    3.0000
    2.7000         0    3.0000
    2.8000         0    3.0000
    2.9000         0    3.0000
    3.0000         0    3.0000
    3.1000         0    3.0000
    3.2000    8.0000         0
    3.3000    8.0000         0
    3.4000    8.0000    3.0000
    3.5000    8.0000    3.0000
    3.6000    8.0000    3.0000
    3.7000    8.0000    3.0000
    3.8000    8.0000    3.0000
    3.9000    8.0000    3.0000
    4.0000    8.0000    3.0000
    4.1000    8.0000    3.0000
    4.2000    8.0000    3.0000
    4.3000    8.0000    3.0000
    4.4000    8.0000         0
    4.5000    8.0000         0
    4.6000    8.0000    4.0000
    4.7000    8.0000    4.0000
    4.8000    8.0000    4.0000
    4.9000    8.0000    4.0000
    5.0000    8.0000    4.0000
    5.1000         0         0
    5.2000         0         0
    5.3000    7.0000    3.0000
    5.4000    7.0000    3.0000
    5.5000    7.0000    3.0000
    5.6000    7.0000    3.0000
    5.7000    7.0000    3.0000
    5.8000    7.0000    3.0000
    5.9000    7.0000    3.0000
    6.0000    7.0000    3.0000
    6.1000    7.0000    3.0000
    6.2000    7.0000    3.0000
    6.3000    7.0000         0
    6.4000    7.0000         0
    6.5000    7.0000    3.0000
    6.6000    7.0000    3.0000
    6.7000    7.0000    3.0000
    6.8000    7.0000    3.0000
    6.9000    7.0000    3.0000
    7.0000    7.0000         0
    7.1000    7.0000         0
    7.2000    7.0000    4.0000
    7.3000    7.0000    4.0000
    7.4000    7.0000    4.0000
    7.5000    7.0000    4.0000
    7.6000    7.0000    4.0000
    7.7000         0         0
    7.8000         0         0
    7.9000    6.0000    3.0000
    8.0000    6.0000    3.0000
    8.1000    6.0000    3.0000
    8.2000    6.0000    3.0000
    8.3000    6.0000    3.0000
    8.4000    6.0000         0
    8.5000    6.0000         0
    8.6000    6.0000    4.0000
    8.7000    6.0000    4.0000
    8.8000    6.0000    4.0000
    8.9000    6.0000    4.0000
    9.0000    6.0000    4.0000
    9.1000    6.0000         0
    9.2000    6.0000         0
    9.3000    6.0000    3.0000
    9.4000    6.0000    3.0000
    9.5000    6.0000    3.0000
    9.6000    6.0000    3.0000
    9.7000    6.0000    3.0000
    9.8000    6.0000         0
    9.9000    6.0000         0
   10.0000    6.0000    2.0000
   10.1000    6.0000    2.0000
   10.2000    6.0000    2.0000
   10.3000    6.0000    2.0000
   10.4000    6.0000    2.0000
   10.5000         0         0
   10.6000         0         0
   10.7000    5.0000    1.0000
   10.8000    5.0000    1.0000
   10.9000    5.0000    1.0000
   11.0000    5.0000    1.0000
   11.1000    5.0000    1.0000
   11.2000    5.0000         0
   11.3000    5.0000         0
   11.4000    5.0000    1.0000
   11.5000    5.0000    1.0000
   11.6000    5.0000    1.0000
   11.7000    5.0000    1.0000
   11.8000    5.0000    1.0000
   11.9000         0         0
   12.0000         0         0
   12.1000    8.0000    3.0000
   12.2000    8.0000    3.0000
   12.3000    8.0000    3.0000
   12.4000    8.0000    3.0000
   12.5000    8.0000    3.0000
   12.6000    8.0000         0
   12.7000    8.0000         0
   12.8000    8.0000    5.0000
   12.9000    8.0000    5.0000
   13.0000    8.0000    5.0000
   13.1000    8.0000    5.0000
   13.2000    8.0000    5.0000
   13.3000         0         0
   13.4000         0         0
   13.5000   11.0000    6.0000
   13.6000   11.0000    6.0000
   13.7000   11.0000    6.0000
   13.8000   11.0000    6.0000
   13.9000   11.0000    6.0000
   14.0000   11.0000    6.0000
   14.1000   11.0000    6.0000
   14.2000   11.0000    6.0000
   14.3000   11.0000    6.0000
   14.4000   11.0000    6.0000
   14.5000   11.0000         0
   14.6000   11.0000         0
   14.7000   11.0000    6.0000
   14.8000   11.0000    6.0000
   14.9000   11.0000    6.0000
   15.0000   11.0000    6.0000
   15.1000   11.0000    6.0000
   15.2000   11.0000    6.0000
   15.3000   11.0000         0
   15.4000   11.0000         0
   15.5000   11.0000    6.0000
   15.6000   11.0000    6.0000
   15.7000   11.0000    6.0000
   15.8000   11.0000    6.0000
   15.9000         0         0
   16.0000         0         0
   16.1000   12.0000    5.0000
   16.2000   12.0000    5.0000
   16.3000   12.0000    5.0000
   16.4000   12.0000    5.0000
   16.5000   12.0000    5.0000
   16.6000   12.0000         0
   16.7000   12.0000         0
   16.8000   12.0000    2.0000
   16.9000   12.0000    2.0000
   17.0000   12.0000    2.0000
   17.1000   12.0000    2.0000
   17.2000   12.0000    2.0000
   17.3000   12.0000         0
   17.4000   12.0000         0
   17.5000   12.0000    2.0000
   17.6000   12.0000    2.0000
   17.7000   12.0000    2.0000
   17.8000   12.0000    2.0000
   17.9000   12.0000    2.0000
   18.0000   12.0000         0
   18.1000   12.0000         0
   18.2000   12.0000    4.0000
   18.3000   12.0000    4.0000
   18.4000   12.0000    4.0000
   18.5000   12.0000    4.0000
   18.6000   12.0000    4.0000
   18.7000         0         0
   18.8000         0         0
   18.9000   15.0000    3.0000
   19.0000   15.0000    3.0000
   19.1000   15.0000    3.0000
   19.2000   15.0000    3.0000
   19.3000   15.0000    3.0000
   19.4000   15.0000    3.0000
   19.5000   15.0000    3.0000
   19.6000   15.0000    3.0000
   19.7000   15.0000    3.0000
   19.8000   15.0000    3.0000
   19.9000   15.0000    3.0000
   20.0000   15.0000    3.0000
   20.1000   15.0000    3.0000
   20.2000   15.0000    3.0000
   20.3000   15.0000    3.0000
   20.4000   15.0000    3.0000
   20.5000   15.0000    3.0000
   20.6000   15.0000    3.0000
   20.7000   15.0000    3.0000
   20.8000   15.0000    3.0000
   20.9000         0    3.0000
   21.0000         0    3.0000
   21.1000         0    3.0000
   21.2000         0    3.0000
   21.3000         0    3.0000
   21.4000   12.0000         0
   21.5000   12.0000         0
   21.6000   12.0000    1.0000
   21.7000   12.0000    1.0000
   21.8000   12.0000    1.0000
   21.9000   12.0000    1.0000
   22.0000   12.0000    1.0000
   22.1000   12.0000         0
   22.2000   12.0000         0
   22.3000   12.0000    3.0000
   22.4000   12.0000    3.0000
   22.5000   12.0000    3.0000
   22.6000   12.0000    3.0000
   22.7000   12.0000    3.0000
   22.8000   12.0000         0
   22.9000   12.0000         0
   23.0000   12.0000    5.0000
   23.1000   12.0000    5.0000
   23.2000   12.0000    5.0000
   23.3000   12.0000    5.0000
   23.4000   12.0000    5.0000
   23.5000         0         0
   23.6000         0         0
   23.7000   11.0000    6.0000
   23.8000   11.0000    6.0000
   23.9000   11.0000    6.0000
   24.0000   11.0000    6.0000
   24.1000   11.0000    6.0000
   24.2000   11.0000    6.0000
   24.3000   11.0000    6.0000
   24.4000   11.0000    6.0000
   24.5000   11.0000    6.0000
   24.6000   11.0000    6.0000
   24.7000   11.0000         0
   24.8000   11.0000         0
   24.9000   11.0000    6.0000
   25.0000   11.0000    6.0000
   25.1000   11.0000    6.0000
   25.2000   11.0000    6.0000
   25.3000   11.0000    6.0000
   25.4000   11.0000    6.0000
   25.5000   11.0000         0
   25.6000   11.0000         0
   25.7000   11.0000    6.0000
   25.8000   11.0000    6.0000
   25.9000   11.0000    6.0000
   26.0000   11.0000    6.0000
   26.1000         0         0
   26.2000         0         0
   26.3000   12.0000    5.0000
   26.4000   12.0000    5.0000
   26.5000   12.0000    5.0000
   26.6000   12.0000    5.0000
   26.7000   12.0000    5.0000
   26.8000   12.0000         0
   26.9000   12.0000         0
   27.0000   12.0000    2.0000
   27.1000   12.0000    2.0000
   27.2000   12.0000    2.0000
   27.3000   12.0000    2.0000
   27.4000   12.0000    2.0000
   27.5000   12.0000         0
   27.6000   12.0000         0
   27.7000   12.0000    3.0000
   27.8000   12.0000    3.0000
   27.9000   12.0000    3.0000
   28.0000   12.0000    3.0000
   28.1000   12.0000    3.0000
   28.2000   12.0000         0
   28.3000   12.0000         0
   28.4000   12.0000    4.0000
   28.5000   12.0000    4.0000
   28.6000   12.0000    4.0000
   28.7000   12.0000    4.0000
   28.8000   12.0000    4.0000
   28.9000         0         0
   29.0000         0         0
   29.1000   14.0000    3.0000
   29.2000   14.0000    3.0000
   29.3000   14.0000    3.0000
   29.4000   14.0000    3.0000
   29.5000   14.0000    3.0000
   29.6000   14.0000    3.0000
   29.7000   14.0000    3.0000
   29.8000   14.0000    3.0000
   29.9000   14.0000    3.0000
   30.0000   14.0000    3.0000
   30.1000   14.0000         0
   30.2000   14.0000         0
   30.3000   14.0000    2.0000
   30.4000   14.0000    2.0000
   30.5000   14.0000    2.0000
   30.6000   14.0000    2.0000
   30.7000   14.0000    2.0000
   30.8000   14.0000    2.0000
   30.9000   14.0000    2.0000
   31.0000   14.0000    2.0000
   31.1000   14.0000    2.0000
   31.2000   14.0000    2.0000
   31.3000         0         0
   31.4000         0         0
   31.5000   13.0000    1.0000
   31.6000   13.0000    1.0000
   31.7000   13.0000    1.0000
   31.8000   13.0000    1.0000
   31.9000   13.0000    1.0000
   32.0000   13.0000    1.0000
   32.1000   13.0000    1.0000
   32.2000   13.0000    1.0000
   32.3000   13.0000    1.0000
   32.4000   13.0000    1.0000
   32.5000   13.0000         0
   32.6000   13.0000         0
   32.7000   13.0000    2.0000
   32.8000   13.0000    2.0000
   32.9000   13.0000    2.0000
   33.0000   13.0000    2.0000
   33.1000   13.0000    2.0000
   33.2000   13.0000         0
   33.3000   13.0000         0
   33.4000   13.0000    3.0000
   33.5000   13.0000    3.0000
   33.6000   13.0000    3.0000
   33.7000   13.0000    3.0000
   33.8000   13.0000    3.0000
   33.9000         0         0
   34.0000         0         0
   34.1000   11.0000   -2.0000
   34.2000   11.0000   -2.0000
   34.3000   11.0000   -2.0000
   34.4000   11.0000   -2.0000
   34.5000   11.0000   -2.0000
   34.6000   11.0000   -2.0000
   34.7000   11.0000   -2.0000
   34.8000   11.0000   -2.0000
   34.9000   11.0000   -2.0000
   35.0000   11.0000   -2.0000
   35.1000   11.0000         0
   35.2000   11.0000         0
   35.3000   11.0000    1.0000
   35.4000   11.0000    1.0000
   35.5000   11.0000    1.0000
   35.6000   11.0000    1.0000
   35.7000   11.0000    1.0000
   35.8000   11.0000    1.0000
   35.9000   11.0000         0
   36.0000   11.0000         0
   36.1000   11.0000    2.0000
   36.2000   11.0000    2.0000
   36.3000   11.0000    2.0000
   36.4000   11.0000    2.0000
   36.5000         0         0
   36.6000         0         0
   36.7000   12.0000    1.0000
   36.8000   12.0000    1.0000
   36.9000   12.0000    1.0000
   37.0000   12.0000    1.0000
   37.1000   12.0000    1.0000
   37.2000   12.0000    1.0000
   37.3000   12.0000    1.0000
   37.4000   12.0000    1.0000
   37.5000   12.0000    1.0000
   37.6000   12.0000    1.0000
   37.7000   12.0000         0
   37.8000   12.0000         0
   37.9000   12.0000   -1.0000
   38.0000   12.0000   -1.0000
   38.1000   12.0000   -1.0000
   38.2000   12.0000   -1.0000
   38.3000   12.0000   -1.0000
   38.4000   12.0000   -1.0000
   38.5000   12.0000   -1.0000
   38.6000   12.0000   -1.0000
   38.7000   12.0000   -1.0000
   38.8000   12.0000   -1.0000
   38.9000         0         0
   39.0000         0         0
   39.1000    8.0000    1.0000
   39.2000    8.0000    1.0000
   39.3000    8.0000    1.0000
   39.4000    8.0000    1.0000
   39.5000    8.0000    1.0000
   39.6000    8.0000    1.0000
   39.7000    8.0000    1.0000
   39.8000    8.0000    1.0000
   39.9000    8.0000    1.0000
   40.0000    8.0000    1.0000
   40.1000    8.0000    1.0000
   40.2000    8.0000    1.0000
   40.3000    8.0000    1.0000
   40.4000    8.0000    1.0000
   40.5000    8.0000    1.0000
   40.6000    8.0000    1.0000
   40.7000    8.0000    1.0000
   40.8000    8.0000    1.0000
   40.9000    8.0000    1.0000
   41.0000    8.0000    1.0000
