    0.1000    8.0000    3.0000
    0.2000    8.0000    3.0000
    0.3000    8.0000    3.0000
    0.4000    8.0000    3.0000
    0.5000    8.0000    3.0000
    0.6000    8.0000    3.0000
    0.7000    8.0000    3.0000
    0.8000    8.0000    3.0000
    0.9000    8.0000    3.0000
    1.0000    8.0000    3.0000
    1.1000    8.0000    3.0000
    1.2000    8.0000    3.0000
    1.3000    8.0000    3.0000
    1.4000    8.0000    3.0000
    1.5000    8.0000    3.0000
    1.6000    8.0000    3.0000
    1.7000    8.0000    3.0000
    1.8000    8.0000    3.0000
    1.9000    8.0000    3.0000
    2.0000    8.0000    3.0000
    2.1000    8.0000         0
    2.2000    8.0000         0
    2.3000    8.0000    5.0000
    2.4000    8.0000    5.0000
    2.5000    8.0000    5.0000
    2.6000    8.0000    5.0000
    2.7000    8.0000    5.0000
    2.8000    8.0000    5.0000
    2.9000    8.0000    5.0000
    3.0000    8.0000    5.0000
    3.1000    8.0000    5.0000
    3.2000    8.0000    5.0000
    3.3000         0         0
    3.4000         0         0
    3.5000    5.0000    9.0000
    3.6000    5.0000    9.0000
    3.7000    5.0000    9.0000
    3.8000    5.0000    9.0000
    3.9000    5.0000    9.0000
    4.0000    5.0000    9.0000
    4.1000    5.0000    9.0000
    4.2000    5.0000    9.0000
    4.3000    5.0000    9.0000
    4.4000    5.0000    9.0000
    4.5000    5.0000    9.0000
    4.6000    5.0000    9.0000
    4.7000    5.0000    9.0000
    4.8000    5.0000    9.0000
    4.9000    5.0000    9.0000
    5.0000    5.0000    9.0000
    5.1000    5.0000    9.0000
    5.2000    5.0000    9.0000
    5.3000    5.0000    9.0000
    5.4000    5.0000    9.0000
    5.5000    5.0000    9.0000
    5.6000    5.0000    9.0000
    5.7000    5.0000    9.0000
    5.8000    5.0000    9.0000
    5.9000    5.0000    9.0000
    6.0000    5.0000    9.0000
    6.1000    5.0000    9.0000
    6.2000    5.0000    9.0000
    6.3000    5.0000    9.0000
    6.4000    5.0000    9.0000
    6.5000         0         0
    6.6000         0         0
    6.7000    6.0000    8.0000
    6.8000    6.0000    8.0000
    6.9000    6.0000    8.0000
    7.0000    6.0000    8.0000
    7.1000    6.0000    8.0000
    7.2000    6.0000    8.0000
    7.3000    6.0000    8.0000
    7.4000    6.0000    8.0000
    7.5000    6.0000    8.0000
    7.6000    6.0000    8.0000
    7.7000    6.0000    8.0000
    7.8000    6.0000    8.0000
    7.9000    6.0000    8.0000
    8.0000    6.0000    8.0000
    8.1000    6.0000    8.0000
    8.2000    6.0000    8.0000
    8.3000    6.0000    8.0000
    8.4000    6.0000    8.0000
    8.5000    6.0000    8.0000
    8.6000    6.0000    8.0000
    8.7000    6.0000         0
    8.8000    6.0000         0
    8.9000    6.0000    5.0000
    9.0000    6.0000    5.0000
    9.1000    6.0000    5.0000
    9.2000    6.0000    5.0000
    9.3000    6.0000    5.0000
    9.4000    6.0000    5.0000
    9.5000    6.0000    5.0000
    9.6000    6.0000    5.0000
    9.7000    6.0000    5.0000
    9.8000    6.0000    5.0000
    9.9000         0         0
   10.0000         0         0
   10.1000    9.0000    4.0000
   10.2000    9.0000    4.0000
   10.3000    9.0000    4.0000
   10.4000    9.0000    4.0000
   10.5000    9.0000    4.0000
   10.6000    9.0000    4.0000
   10.7000    9.0000    4.0000
   10.8000    9.0000    4.0000
   10.9000    9.0000    4.0000
   11.0000    9.0000    4.0000
   11.1000    9.0000    4.0000
   11.2000    9.0000    4.0000
   11.3000    9.0000    4.0000
   11.4000    9.0000    4.0000
   11.5000    9.0000    4.0000
   11.6000    9.0000    4.0000
   11.7000    9.0000    4.0000
   11.8000    9.0000    4.0000
   11.9000    9.0000    4.0000
   12.0000    9.0000    4.0000
   12.1000    9.0000    4.0000
   12.2000    9.0000    4.0000
   12.3000    9.0000    4.0000
   12.4000    9.0000    4.0000
   12.5000    9.0000    4.0000
   12.6000    9.0000    4.0000
   12.7000    9.0000    4.0000
   12.8000    9.0000    4.0000
   12.9000    9.0000    4.0000
   13.0000    9.0000    4.0000
   13.1000         0         0
   13.2000         0         0
   13.3000    8.0000    3.0000
   13.4000    8.0000    3.0000
   13.5000    8.0000    3.0000
   13.6000    8.0000    3.0000
   13.7000    8.0000    3.0000
   13.8000    8.0000    3.0000
   13.9000    8.0000    3.0000
   14.0000    8.0000    3.0000
   14.1000    8.0000    3.0000
   14.2000    8.0000    3.0000
   14.3000    8.0000    3.0000
   14.4000    8.0000    3.0000
   14.5000    8.0000    3.0000
   14.6000    8.0000    3.0000
   14.7000    8.0000    3.0000
   14.8000    8.0000    3.0000
   14.9000    8.0000    3.0000
   15.0000    8.0000    3.0000
   15.1000    8.0000    3.0000
   15.2000    8.0000    3.0000
   15.3000    8.0000         0
   15.4000    8.0000         0
   15.5000    8.0000    3.0000
   15.6000    8.0000    3.0000
   15.7000    8.0000    3.0000
   15.8000    8.0000    3.0000
   15.9000    8.0000    3.0000
   16.0000    8.0000    3.0000
   16.1000    8.0000    3.0000
   16.2000    8.0000    3.0000
   16.3000    8.0000    3.0000
   16.4000    8.0000    3.0000
   16.5000         0         0
   16.6000         0         0
   16.7000   10.0000    3.0000
   16.8000   10.0000    3.0000
   16.9000   10.0000    3.0000
   17.0000   10.0000    3.0000
   17.1000   10.0000    3.0000
   17.2000   10.0000    3.0000
   17.3000   10.0000    3.0000
   17.4000   10.0000    3.0000
   17.5000   10.0000    3.0000
   17.6000   10.0000    3.0000
   17.7000   10.0000         0
   17.8000   10.0000         0
   17.9000   10.0000    4.0000
   18.0000   10.0000    4.0000
   18.1000   10.0000    4.0000
   18.2000   10.0000    4.0000
   18.3000   10.0000    4.0000
   18.4000   10.0000    4.0000
   18.5000   10.0000    4.0000
   18.6000   10.0000    4.0000
   18.7000   10.0000    4.0000
   18.8000   10.0000    4.0000
   18.9000   10.0000         0
   19.0000   10.0000         0
   19.1000   10.0000    5.0000
   19.2000   10.0000    5.0000
   19.3000   10.0000    5.0000
   19.4000   10.0000    5.0000
   19.5000   10.0000    5.0000
   19.6000   10.0000    5.0000
   19.7000   10.0000    5.0000
   19.8000   10.0000    5.0000
   19.9000   10.0000    5.0000
   20.0000   10.0000    5.0000
   20.1000         0         0
   20.2000         0         0
   20.3000   11.0000    6.0000
   20.4000   11.0000    6.0000
   20.5000   11.0000    6.0000
   20.6000   11.0000    6.0000
   20.7000   11.0000    6.0000
   20.8000   11.0000    6.0000
   20.9000   11.0000    6.0000
   21.0000   11.0000    6.0000
   21.1000   11.0000    6.0000
   21.2000   11.0000    6.0000
   21.3000   11.0000    6.0000
   21.4000   11.0000    6.0000
   21.5000   11.0000    6.0000
   21.6000   11.0000    6.0000
   21.7000   11.0000    6.0000
   21.8000   11.0000    6.0000
   21.9000   11.0000    6.0000
   22.0000   11.0000    6.0000
   22.1000   11.0000    6.0000
   22.2000   11.0000    6.0000
   22.3000   11.0000    6.0000
   22.4000   11.0000    6.0000
   22.5000   11.0000    6.0000
   22.6000   11.0000    6.0000
   22.7000   11.0000    6.0000
   22.8000   11.0000    6.0000
   22.9000   11.0000    6.0000
   23.0000   11.0000    6.0000
   23.1000   11.0000    6.0000
   23.2000   11.0000    6.0000
   23.3000         0         0
   23.4000         0         0
   23.5000   12.0000    5.0000
   23.6000   12.0000    5.0000
   23.7000   12.0000    5.0000
   23.8000   12.0000    5.0000
   23.9000   12.0000    5.0000
   24.0000   12.0000    5.0000
   24.1000   12.0000    5.0000
   24.2000   12.0000    5.0000
   24.3000   12.0000    5.0000
   24.4000   12.0000    5.0000
   24.5000   12.0000    5.0000
   24.6000   12.0000    5.0000
   24.7000   12.0000    5.0000
   24.8000   12.0000    5.0000
   24.9000   12.0000    5.0000
   25.0000   12.0000    5.0000
   25.1000   12.0000    5.0000
   25.2000   12.0000    5.0000
   25.3000   12.0000    5.0000
   25.4000   12.0000    5.0000
   25.5000   12.0000    5.0000
   25.6000   12.0000    5.0000
   25.7000   12.0000    5.0000
   25.8000   12.0000    5.0000
   25.9000   12.0000    5.0000
   26.0000   12.0000    5.0000
   26.1000   12.0000    5.0000
   26.2000   12.0000    5.0000
   26.3000   12.0000    5.0000
   26.4000   12.0000    5.0000
   26.5000         0         0
   26.6000         0         0
   26.7000    8.0000    3.0000
   26.8000    8.0000    3.0000
   26.9000    8.0000    3.0000
   27.0000    8.0000    3.0000
   27.1000    8.0000    3.0000
   27.2000    8.0000    3.0000
   27.3000    8.0000    3.0000
   27.4000    8.0000    3.0000
   27.5000    8.0000    3.0000
   27.6000    8.0000    3.0000
   27.7000    8.0000    3.0000
   27.8000    8.0000    3.0000
   27.9000    8.0000    3.0000
   28.0000    8.0000    3.0000
   28.1000    8.0000    3.0000
   28.2000    8.0000    3.0000
   28.3000    8.0000    3.0000
   28.4000    8.0000    3.0000
   28.5000    8.0000    3.0000
   28.6000    8.0000    3.0000
   28.7000    8.0000         0
   28.8000    8.0000         0
   28.9000    8.0000    5.0000
   29.0000    8.0000    5.0000
   29.1000    8.0000    5.0000
   29.2000    8.0000    5.0000
   29.3000    8.0000    5.0000
   29.4000    8.0000    5.0000
   29.5000    8.0000    5.0000
   29.6000    8.0000    5.0000
   29.7000    8.0000    5.0000
   29.8000    8.0000    5.0000
   29.9000         0         0
   30.0000         0         0
   30.1000   12.0000    9.0000
   30.2000   12.0000    9.0000
   30.3000   12.0000    9.0000
   30.4000   12.0000    9.0000
   30.5000   12.0000    9.0000
   30.6000   12.0000    9.0000
   30.7000   12.0000    9.0000
   30.8000   12.0000    9.0000
   30.9000   12.0000    9.0000
   31.0000   12.0000    9.0000
   31.1000   12.0000    9.0000
   31.2000   12.0000    9.0000
   31.3000   12.0000    9.0000
   31.4000   12.0000    9.0000
   31.5000   12.0000    9.0000
   31.6000   12.0000    9.0000
   31.7000   12.0000    9.0000
   31.8000   12.0000    9.0000
   31.9000   12.0000    9.0000
   32.0000   12.0000    9.0000
   32.1000   12.0000    9.0000
   32.2000   12.0000    9.0000
   32.3000   12.0000    9.0000
   32.4000   12.0000    9.0000
   32.5000   12.0000    9.0000
   32.6000   12.0000    9.0000
   32.7000   12.0000    9.0000
   32.8000   12.0000    9.0000
   32.9000   12.0000    9.0000
   33.0000   12.0000    9.0000
   33.1000         0         0
   33.2000         0         0
   33.3000   13.0000    8.0000
   33.4000   13.0000    8.0000
   33.5000   13.0000    8.0000
   33.6000   13.0000    8.0000
   33.7000   13.0000    8.0000
   33.8000   13.0000    8.0000
   33.9000   13.0000    8.0000
   34.0000   13.0000    8.0000
   34.1000   13.0000    8.0000
   34.2000   13.0000    8.0000
   34.3000   13.0000    8.0000
   34.4000   13.0000    8.0000
   34.5000   13.0000    8.0000
   34.6000   13.0000    8.0000
   34.7000   13.0000    8.0000
   34.8000   13.0000    8.0000
   34.9000   13.0000    8.0000
   35.0000   13.0000    8.0000
   35.1000   13.0000    8.0000
   35.2000   13.0000    8.0000
   35.3000   13.0000         0
   35.4000   13.0000         0
   35.5000   13.0000    5.0000
   35.6000   13.0000    5.0000
   35.7000   13.0000    5.0000
   35.8000   13.0000    5.0000
   35.9000   13.0000    5.0000
   36.0000   13.0000    5.0000
   36.1000   13.0000    5.0000
   36.2000   13.0000    5.0000
   36.3000   13.0000    5.0000
   36.4000   13.0000    5.0000
   36.5000         0         0
   36.6000         0         0
   36.7000   15.0000    4.0000
   36.8000   15.0000    4.0000
   36.9000   15.0000    4.0000
   37.0000   15.0000    4.0000
   37.1000   15.0000    4.0000
   37.2000   15.0000    4.0000
   37.3000   15.0000    4.0000
   37.4000   15.0000    4.0000
   37.5000   15.0000    4.0000
   37.6000   15.0000    4.0000
   37.7000   15.0000    4.0000
   37.8000   15.0000    4.0000
   37.9000   15.0000    4.0000
   38.0000   15.0000    4.0000
   38.1000   15.0000    4.0000
   38.2000   15.0000    4.0000
   38.3000   15.0000    4.0000
   38.4000   15.0000    4.0000
   38.5000   15.0000    4.0000
   38.6000   15.0000    4.0000
   38.7000   15.0000    4.0000
   38.8000   15.0000    4.0000
   38.9000   15.0000    4.0000
   39.0000   15.0000    4.0000
   39.1000   15.0000    4.0000
   39.2000   15.0000    4.0000
   39.3000   15.0000    4.0000
   39.4000   15.0000    4.0000
   39.5000   15.0000    4.0000
   39.6000   15.0000    4.0000
   39.7000         0         0
   39.8000         0         0
   39.9000   14.0000    3.0000
   40.0000   14.0000    3.0000
   40.1000   14.0000    3.0000
   40.2000   14.0000    3.0000
   40.3000   14.0000    3.0000
   40.4000   14.0000    3.0000
   40.5000   14.0000    3.0000
   40.6000   14.0000    3.0000
   40.7000   14.0000    3.0000
   40.8000   14.0000    3.0000
   40.9000   14.0000    3.0000
   41.0000   14.0000    3.0000
   41.1000   14.0000    3.0000
   41.2000   14.0000    3.0000
   41.3000   14.0000    3.0000
   41.4000   14.0000    3.0000
   41.5000   14.0000    3.0000
   41.6000   14.0000    3.0000
   41.7000   14.0000    3.0000
   41.8000   14.0000    3.0000
   41.9000   14.0000         0
   42.0000   14.0000         0
   42.1000   14.0000    5.0000
   42.2000   14.0000    5.0000
   42.3000   14.0000    5.0000
   42.4000   14.0000    5.0000
   42.5000   14.0000    5.0000
   42.6000   14.0000    5.0000
   42.7000   14.0000    5.0000
   42.8000   14.0000    5.0000
   42.9000   14.0000    5.0000
   43.0000   14.0000    5.0000
   43.1000         0         0
   43.2000         0         0
   43.3000   12.0000    5.0000
   43.4000   12.0000    5.0000
   43.5000   12.0000    5.0000
   43.6000   12.0000    5.0000
   43.7000   12.0000    5.0000
   43.8000   12.0000    5.0000
   43.9000   12.0000    5.0000
   44.0000   12.0000    5.0000
   44.1000   12.0000    5.0000
   44.2000   12.0000    5.0000
   44.3000   12.0000         0
   44.4000   12.0000         0
   44.5000   12.0000    6.0000
   44.6000   12.0000    6.0000
   44.7000   12.0000    6.0000
   44.8000   12.0000    6.0000
   44.9000   12.0000    6.0000
   45.0000   12.0000    6.0000
   45.1000   12.0000    6.0000
   45.2000   12.0000    6.0000
   45.3000   12.0000    6.0000
   45.4000   12.0000    6.0000
   45.5000   12.0000         0
   45.6000   12.0000         0
   45.7000   12.0000    7.0000
   45.8000   12.0000    7.0000
   45.9000   12.0000    7.0000
   46.0000   12.0000    7.0000
   46.1000   12.0000    7.0000
   46.2000   12.0000    7.0000
   46.3000   12.0000    7.0000
   46.4000   12.0000    7.0000
   46.5000   12.0000    7.0000
   46.6000   12.0000    7.0000
   46.7000         0         0
   46.8000         0         0
   46.9000    8.0000    8.0000
   47.0000    8.0000    8.0000
   47.1000    8.0000    8.0000
   47.2000    8.0000    8.0000
   47.3000    8.0000    8.0000
   47.4000    8.0000    8.0000
   47.5000    8.0000    8.0000
   47.6000    8.0000    8.0000
   47.7000    8.0000    8.0000
   47.8000    8.0000    8.0000
   47.9000    8.0000    8.0000
   48.0000    8.0000    8.0000
   48.1000    8.0000    8.0000
   48.2000    8.0000    8.0000
   48.3000    8.0000    8.0000
   48.4000    8.0000    8.0000
   48.5000    8.0000    8.0000
   48.6000    8.0000    8.0000
   48.7000    8.0000    8.0000
   48.8000    8.0000    8.0000
   48.9000    8.0000    8.0000
   49.0000    8.0000    8.0000
   49.1000    8.0000    8.0000
   49.2000    8.0000    8.0000
   49.3000    8.0000    8.0000
   49.4000    8.0000    8.0000
   49.5000    8.0000    8.0000
   49.6000    8.0000    8.0000
   49.7000    8.0000    8.0000
   49.8000    8.0000    8.0000
   49.9000         0         0
   50.0000         0         0
   50.1000    8.0000    8.0000
   50.2000    8.0000    8.0000
   50.3000    8.0000    8.0000
   50.4000    8.0000    8.0000
   50.5000    8.0000    8.0000
   50.6000    8.0000    8.0000
   50.7000    8.0000    8.0000
   50.8000    8.0000    8.0000
   50.9000    8.0000    8.0000
   51.0000    8.0000    8.0000
   51.1000    8.0000    8.0000
   51.2000    8.0000    8.0000
   51.3000    8.0000    8.0000
   51.4000    8.0000    8.0000
   51.5000    8.0000    8.0000
   51.6000    8.0000    8.0000
   51.7000    8.0000    8.0000
   51.8000    8.0000    8.0000
   51.9000    8.0000    8.0000
   52.0000    8.0000    8.0000
   52.1000    8.0000    8.0000
   52.2000    8.0000    8.0000
   52.3000    8.0000    8.0000
   52.4000    8.0000    8.0000
   52.5000    8.0000    8.0000
   52.6000    8.0000    8.0000
   52.7000    8.0000    8.0000
   52.8000    8.0000    8.0000
   52.9000    8.0000    8.0000
   53.0000    8.0000    8.0000
   53.1000         0         0
   53.2000         0         0
   53.3000    5.0000    9.0000
   53.4000    5.0000    9.0000
   53.5000    5.0000    9.0000
   53.6000    5.0000    9.0000
   53.7000    5.0000    9.0000
   53.8000    5.0000    9.0000
   53.9000    5.0000    9.0000
   54.0000    5.0000    9.0000
   54.1000    5.0000    9.0000
   54.2000    5.0000    9.0000
   54.3000    5.0000    9.0000
   54.4000    5.0000    9.0000
   54.5000    5.0000    9.0000
   54.6000    5.0000    9.0000
   54.7000    5.0000    9.0000
   54.8000    5.0000    9.0000
   54.9000    5.0000    9.0000
   55.0000    5.0000    9.0000
   55.1000    5.0000    9.0000
   55.2000    5.0000    9.0000
   55.3000    5.0000         0
   55.4000    5.0000         0
   55.5000    5.0000    5.0000
   55.6000    5.0000    5.0000
   55.7000    5.0000    5.0000
   55.8000    5.0000    5.0000
   55.9000    5.0000    5.0000
   56.0000    5.0000    5.0000
   56.1000    5.0000    5.0000
   56.2000    5.0000    5.0000
   56.3000    5.0000    5.0000
   56.4000    5.0000    5.0000
   56.5000         0         0
   56.6000         0         0
   56.7000    7.0000    7.0000
   56.8000    7.0000    7.0000
   56.9000    7.0000    7.0000
   57.0000    7.0000    7.0000
   57.1000    7.0000    7.0000
   57.2000    7.0000    7.0000
   57.3000    7.0000    7.0000
   57.4000    7.0000    7.0000
   57.5000    7.0000    7.0000
   57.6000    7.0000    7.0000
   57.7000    7.0000         0
   57.8000    7.0000         0
   57.9000    7.0000    6.0000
   58.0000    7.0000    6.0000
   58.1000    7.0000    6.0000
   58.2000    7.0000    6.0000
   58.3000    7.0000    6.0000
   58.4000    7.0000    6.0000
   58.5000    7.0000    6.0000
   58.6000    7.0000    6.0000
   58.7000    7.0000    6.0000
   58.8000    7.0000    6.0000
   58.9000    7.0000         0
   59.0000    7.0000         0
   59.1000    7.0000    5.0000
   59.2000    7.0000    5.0000
   59.3000    7.0000    5.0000
   59.4000    7.0000    5.0000
   59.5000    7.0000    5.0000
   59.6000    7.0000    5.0000
   59.7000    7.0000    5.0000
   59.8000    7.0000    5.0000
   59.9000    7.0000    5.0000
   60.0000    7.0000    5.0000
   60.1000         0         0
   60.2000         0         0
   60.3000    8.0000    3.0000
   60.4000    8.0000    3.0000
   60.5000    8.0000    3.0000
   60.6000    8.0000    3.0000
   60.7000    8.0000    3.0000
   60.8000    8.0000    3.0000
   60.9000    8.0000    3.0000
   61.0000    8.0000    3.0000
   61.1000    8.0000    3.0000
   61.2000    8.0000    3.0000
   61.3000    8.0000    3.0000
   61.4000    8.0000    3.0000
   61.5000    8.0000    3.0000
   61.6000    8.0000    3.0000
   61.7000    8.0000    3.0000
   61.8000    8.0000    3.0000
   61.9000    8.0000    3.0000
   62.0000    8.0000    3.0000
   62.1000    8.0000    3.0000
   62.2000    8.0000    3.0000
   62.3000    8.0000         0
   62.4000    8.0000         0
   62.5000    8.0000    5.0000
   62.6000    8.0000    5.0000
   62.7000    8.0000    5.0000
   62.8000    8.0000    5.0000
   62.9000    8.0000    5.0000
   63.0000    8.0000    5.0000
   63.1000    8.0000    5.0000
   63.2000    8.0000    5.0000
   63.3000    8.0000    5.0000
   63.4000    8.0000    5.0000
   63.5000         0         0
   63.6000         0         0
   63.7000   10.0000    8.0000
   63.8000   10.0000    8.0000
   63.9000   10.0000    8.0000
   64.0000   10.0000    8.0000
   64.1000   10.0000    8.0000
   64.2000   10.0000    8.0000
   64.3000   10.0000    8.0000
   64.4000   10.0000    8.0000
   64.5000   10.0000    8.0000
   64.6000   10.0000    8.0000
   64.7000   10.0000    8.0000
   64.8000   10.0000    8.0000
   64.9000   10.0000    8.0000
   65.0000   10.0000    8.0000
   65.1000   10.0000    8.0000
   65.2000   10.0000    8.0000
   65.3000   10.0000    8.0000
   65.4000   10.0000    8.0000
   65.5000   10.0000    8.0000
   65.6000   10.0000    8.0000
   65.7000   10.0000    8.0000
   65.8000   10.0000    8.0000
   65.9000   10.0000    8.0000
   66.0000   10.0000    8.0000
   66.1000   10.0000    8.0000
   66.2000   10.0000    8.0000
   66.3000   10.0000    8.0000
   66.4000   10.0000    8.0000
   66.5000   10.0000    8.0000
   66.6000   10.0000    8.0000
   66.7000         0         0
   66.8000         0         0
   66.9000   11.0000    6.0000
   67.0000   11.0000    6.0000
   67.1000   11.0000    6.0000
   67.2000   11.0000    6.0000
   67.3000   11.0000    6.0000
   67.4000   11.0000    6.0000
   67.5000   11.0000    6.0000
   67.6000   11.0000    6.0000
   67.7000   11.0000    6.0000
   67.8000   11.0000    6.0000
   67.9000   11.0000    6.0000
   68.0000   11.0000    6.0000
   68.1000   11.0000    6.0000
   68.2000   11.0000    6.0000
   68.3000   11.0000    6.0000
   68.4000   11.0000    6.0000
   68.5000   11.0000    6.0000
   68.6000   11.0000    6.0000
   68.7000   11.0000    6.0000
   68.8000   11.0000    6.0000
   68.9000   11.0000         0
   69.0000   11.0000         0
   69.1000   11.0000    8.0000
   69.2000   11.0000    8.0000
   69.3000   11.0000    8.0000
   69.4000   11.0000    8.0000
   69.5000   11.0000    8.0000
   69.6000   11.0000    8.0000
   69.7000   11.0000    8.0000
   69.8000   11.0000    8.0000
   69.9000   11.0000    8.0000
   70.0000   11.0000    8.0000
   70.1000         0         0
   70.2000         0         0
   70.3000   13.0000    9.0000
   70.4000   13.0000    9.0000
   70.5000   13.0000    9.0000
   70.6000   13.0000    9.0000
   70.7000   13.0000    9.0000
   70.8000   13.0000    9.0000
   70.9000   13.0000    9.0000
   71.0000   13.0000    9.0000
   71.1000   13.0000    9.0000
   71.2000   13.0000    9.0000
   71.3000   13.0000    9.0000
   71.4000   13.0000    9.0000
   71.5000   13.0000    9.0000
   71.6000   13.0000    9.0000
   71.7000   13.0000    9.0000
   71.8000   13.0000    9.0000
   71.9000   13.0000    9.0000
   72.0000   13.0000    9.0000
   72.1000   13.0000    9.0000
   72.2000   13.0000    9.0000
   72.3000   13.0000         0
   72.4000   13.0000         0
   72.5000   13.0000    8.0000
   72.6000   13.0000    8.0000
   72.7000   13.0000    8.0000
   72.8000   13.0000    8.0000
   72.9000   13.0000    8.0000
   73.0000   13.0000    8.0000
   73.1000   13.0000    8.0000
   73.2000   13.0000    8.0000
   73.3000   13.0000    8.0000
   73.4000   13.0000    8.0000
   73.5000         0         0
   73.6000         0         0
   73.7000   12.0000    7.0000
   73.8000   12.0000    7.0000
   73.9000   12.0000    7.0000
   74.0000   12.0000    7.0000
   74.1000   12.0000    7.0000
   74.2000   12.0000    7.0000
   74.3000   12.0000    7.0000
   74.4000   12.0000    7.0000
   74.5000   12.0000    7.0000
   74.6000   12.0000    7.0000
   74.7000   12.0000    7.0000
   74.8000   12.0000    7.0000
   74.9000   12.0000    7.0000
   75.0000   12.0000    7.0000
   75.1000   12.0000    7.0000
   75.2000   12.0000    7.0000
   75.3000   12.0000    7.0000
   75.4000   12.0000    7.0000
   75.5000   12.0000    7.0000
   75.6000   12.0000    7.0000
   75.7000   12.0000    7.0000
   75.8000   12.0000    7.0000
   75.9000   12.0000    7.0000
   76.0000   12.0000    7.0000
   76.1000   12.0000    7.0000
   76.2000   12.0000    7.0000
   76.3000   12.0000    7.0000
   76.4000   12.0000    7.0000
   76.5000   12.0000    7.0000
   76.6000   12.0000    7.0000
   76.7000   12.0000         0
   76.8000   12.0000         0
   76.9000   12.0000    5.0000
   77.0000   12.0000    5.0000
   77.1000   12.0000    5.0000
   77.2000   12.0000    5.0000
   77.3000   12.0000    5.0000
   77.4000   12.0000    5.0000
   77.5000   12.0000    5.0000
   77.6000   12.0000    5.0000
   77.7000   12.0000    5.0000
   77.8000   12.0000    5.0000
   77.9000   12.0000    5.0000
   78.0000   12.0000    5.0000
   78.1000   12.0000    5.0000
   78.2000   12.0000    5.0000
   78.3000   12.0000    5.0000
   78.4000   12.0000    5.0000
   78.5000   12.0000    5.0000
   78.6000   12.0000    5.0000
   78.7000   12.0000    5.0000
   78.8000   12.0000    5.0000
   78.9000   12.0000    5.0000
   79.0000   12.0000    5.0000
   79.1000   12.0000    5.0000
   79.2000   12.0000    5.0000
   79.3000   12.0000    5.0000
   79.4000   12.0000    5.0000
   79.5000   12.0000    5.0000
   79.6000   12.0000    5.0000
   79.7000   12.0000    5.0000
   79.8000   12.0000    5.0000
   79.9000         0         0
   80.0000         0         0
   80.1000    8.0000    3.0000
   80.2000    8.0000    3.0000
   80.3000    8.0000    3.0000
   80.4000    8.0000    3.0000
   80.5000    8.0000    3.0000
   80.6000    8.0000    3.0000
   80.7000    8.0000    3.0000
   80.8000    8.0000    3.0000
   80.9000    8.0000    3.0000
   81.0000    8.0000    3.0000
   81.1000    8.0000    3.0000
   81.2000    8.0000    3.0000
   81.3000    8.0000    3.0000
   81.4000    8.0000    3.0000
   81.5000    8.0000    3.0000
   81.6000    8.0000    3.0000
   81.7000    8.0000    3.0000
   81.8000    8.0000    3.0000
   81.9000    8.0000    3.0000
   82.0000    8.0000    3.0000
   82.1000    8.0000         0
   82.2000    8.0000         0
   82.3000    8.0000    5.0000
   82.4000    8.0000    5.0000
   82.5000    8.0000    5.0000
   82.6000    8.0000    5.0000
   82.7000    8.0000    5.0000
   82.8000    8.0000    5.0000
   82.9000    8.0000    5.0000
   83.0000    8.0000    5.0000
   83.1000    8.0000    5.0000
   83.2000    8.0000    5.0000
   83.3000         0         0
   83.4000         0         0
   83.5000   12.0000    9.0000
   83.6000   12.0000    9.0000
   83.7000   12.0000    9.0000
   83.8000   12.0000    9.0000
   83.9000   12.0000    9.0000
   84.0000   12.0000    9.0000
   84.1000   12.0000    9.0000
   84.2000   12.0000    9.0000
   84.3000   12.0000    9.0000
   84.4000   12.0000    9.0000
   84.5000   12.0000    9.0000
   84.6000   12.0000    9.0000
   84.7000   12.0000    9.0000
   84.8000   12.0000    9.0000
   84.9000   12.0000    9.0000
   85.0000   12.0000    9.0000
   85.1000   12.0000    9.0000
   85.2000   12.0000    9.0000
   85.3000   12.0000    9.0000
   85.4000   12.0000    9.0000
   85.5000   12.0000    9.0000
   85.6000   12.0000    9.0000
   85.7000   12.0000    9.0000
   85.8000   12.0000    9.0000
   85.9000   12.0000    9.0000
   86.0000   12.0000    9.0000
   86.1000   12.0000    9.0000
   86.2000   12.0000    9.0000
   86.3000   12.0000    9.0000
   86.4000   12.0000    9.0000
   86.5000         0         0
   86.6000         0         0
   86.7000   13.0000    8.0000
   86.8000   13.0000    8.0000
   86.9000   13.0000    8.0000
   87.0000   13.0000    8.0000
   87.1000   13.0000    8.0000
   87.2000   13.0000    8.0000
   87.3000   13.0000    8.0000
   87.4000   13.0000    8.0000
   87.5000   13.0000    8.0000
   87.6000   13.0000    8.0000
   87.7000   13.0000    8.0000
   87.8000   13.0000    8.0000
   87.9000   13.0000    8.0000
   88.0000   13.0000    8.0000
   88.1000   13.0000    8.0000
   88.2000   13.0000    8.0000
   88.3000   13.0000    8.0000
   88.4000   13.0000    8.0000
   88.5000   13.0000    8.0000
   88.6000   13.0000    8.0000
   88.7000   13.0000         0
   88.8000   13.0000         0
   88.9000   13.0000    5.0000
   89.0000   13.0000    5.0000
   89.1000   13.0000    5.0000
   89.2000   13.0000    5.0000
   89.3000   13.0000    5.0000
   89.4000   13.0000    5.0000
   89.5000   13.0000    5.0000
   89.6000   13.0000    5.0000
   89.7000   13.0000    5.0000
   89.8000   13.0000    5.0000
   89.9000         0         0
   90.0000         0         0
   90.1000   15.0000    4.0000
   90.2000   15.0000    4.0000
   90.3000   15.0000    4.0000
   90.4000   15.0000    4.0000
   90.5000   15.0000    4.0000
   90.6000   15.0000    4.0000
   90.7000   15.0000    4.0000
   90.8000   15.0000    4.0000
   90.9000   15.0000    4.0000
   91.0000   15.0000    4.0000
   91.1000   15.0000    4.0000
   91.2000   15.0000    4.0000
   91.3000   15.0000    4.0000
   91.4000   15.0000    4.0000
   91.5000   15.0000    4.0000
   91.6000   15.0000    4.0000
   91.7000   15.0000    4.0000
   91.8000   15.0000    4.0000
   91.9000   15.0000    4.0000
   92.0000   15.0000    4.0000
   92.1000   15.0000    4.0000
   92.2000   15.0000    4.0000
   92.3000   15.0000    4.0000
   92.4000   15.0000    4.0000
   92.5000   15.0000    4.0000
   92.6000   15.0000    4.0000
   92.7000   15.0000    4.0000
   92.8000   15.0000    4.0000
   92.9000   15.0000    4.0000
   93.0000   15.0000    4.0000
   93.1000         0         0
   93.2000         0         0
   93.3000   15.0000    3.0000
   93.4000   15.0000    3.0000
   93.5000   15.0000    3.0000
   93.6000   15.0000    3.0000
   93.7000   15.0000    3.0000
   93.8000   15.0000    3.0000
   93.9000   15.0000    3.0000
   94.0000   15.0000    3.0000
   94.1000   15.0000    3.0000
   94.2000   15.0000    3.0000
   94.3000   15.0000    3.0000
   94.4000   15.0000    3.0000
   94.5000   15.0000    3.0000
   94.6000   15.0000    3.0000
   94.7000   15.0000    3.0000
   94.8000   15.0000    3.0000
   94.9000   15.0000    3.0000
   95.0000   15.0000    3.0000
   95.1000   15.0000    3.0000
   95.2000   15.0000    3.0000
   95.3000   15.0000         0
   95.4000   15.0000         0
   95.5000   15.0000    5.0000
   95.6000   15.0000    5.0000
   95.7000   15.0000    5.0000
   95.8000   15.0000    5.0000
   95.9000   15.0000    5.0000
   96.0000   15.0000    5.0000
   96.1000   15.0000    5.0000
   96.2000   15.0000    5.0000
   96.3000   15.0000    5.0000
   96.4000   15.0000    5.0000
   96.5000         0         0
   96.6000         0         0
   96.7000   12.0000    5.0000
   96.8000   12.0000    5.0000
   96.9000   12.0000    5.0000
   97.0000   12.0000    5.0000
   97.1000   12.0000    5.0000
   97.2000   12.0000    5.0000
   97.3000   12.0000    5.0000
   97.4000   12.0000    5.0000
   97.5000   12.0000    5.0000
   97.6000   12.0000    5.0000
   97.7000   12.0000         0
   97.8000   12.0000         0
   97.9000   12.0000    6.0000
   98.0000   12.0000    6.0000
   98.1000   12.0000    6.0000
   98.2000   12.0000    6.0000
   98.3000   12.0000    6.0000
   98.4000   12.0000    6.0000
   98.5000   12.0000    6.0000
   98.6000   12.0000    6.0000
   98.7000   12.0000    6.0000
   98.8000   12.0000    6.0000
   98.9000   12.0000         0
   99.0000   12.0000         0
   99.1000   12.0000    7.0000
   99.2000   12.0000    7.0000
   99.3000   12.0000    7.0000
   99.4000   12.0000    7.0000
   99.5000   12.0000    7.0000
   99.6000   12.0000    7.0000
   99.7000   12.0000    7.0000
   99.8000   12.0000    7.0000
   99.9000   12.0000    7.0000
  100.0000   12.0000    7.0000
  100.1000         0         0
  100.2000         0         0
  100.3000    8.0000    8.0000
  100.4000    8.0000    8.0000
  100.5000    8.0000    8.0000
  100.6000    8.0000    8.0000
  100.7000    8.0000    8.0000
  100.8000    8.0000    8.0000
  100.9000    8.0000    8.0000
  101.0000    8.0000    8.0000
  101.1000    8.0000    8.0000
  101.2000    8.0000    8.0000
  101.3000    8.0000    8.0000
  101.4000    8.0000    8.0000
  101.5000    8.0000    8.0000
  101.6000    8.0000    8.0000
  101.7000    8.0000    8.0000
  101.8000    8.0000    8.0000
  101.9000    8.0000    8.0000
  102.0000    8.0000    8.0000
  102.1000    8.0000    8.0000
  102.2000    8.0000    8.0000
  102.3000    8.0000    8.0000
  102.4000    8.0000    8.0000
  102.5000    8.0000    8.0000
  102.6000    8.0000    8.0000
  102.7000    8.0000    8.0000
  102.8000    8.0000    8.0000
  102.9000    8.0000    8.0000
  103.0000    8.0000    8.0000
  103.1000    8.0000    8.0000
  103.2000    8.0000    8.0000
  103.3000    8.0000    8.0000
  103.4000    8.0000    8.0000
  103.5000    8.0000    8.0000
  103.6000    8.0000    8.0000
  103.7000    8.0000    8.0000
  103.8000    8.0000    8.0000
  103.9000    8.0000    8.0000
  104.0000    8.0000    8.0000
  104.1000    8.0000    8.0000
  104.2000    8.0000    8.0000
  104.3000    8.0000    8.0000
  104.4000    8.0000    8.0000
  104.5000    8.0000    8.0000
  104.6000    8.0000    8.0000
  104.7000    8.0000    8.0000
  104.8000    8.0000    8.0000
  104.9000    8.0000    8.0000
  105.0000    8.0000    8.0000
  105.1000    8.0000    8.0000
  105.2000    8.0000    8.0000
  105.3000    8.0000    8.0000
  105.4000    8.0000    8.0000
  105.5000    8.0000    8.0000
  105.6000    8.0000    8.0000
  105.7000    8.0000    8.0000
  105.8000    8.0000    8.0000
  105.9000    8.0000    8.0000
  106.0000    8.0000    8.0000
  106.1000    8.0000    8.0000
  106.2000    8.0000    8.0000