Camera calibration results:


[[ 856.11968282    0.          403.65684176]
 [   0.          903.58060759  260.18845436]
 [   0.            0.            1.        ]]

[[ 841.02769786    0.          361.98684857]
 [   0.          891.24998691  276.71792998]
 [   0.            0.            1.        ]]

[[ 878.57761327    0.          345.95783537]
 [   0.          930.52411063  289.79955992]
 [   0.            0.            1.        ]]

[[ 828.91492217    0.          384.01550819]
 [   0.          877.73618554  277.17272168]
 [   0.            0.            1.        ]]

[[ 857.75529302    0.          405.86361223]
 [   0.          904.60998649  289.4567071 ]
 [   0.            0.            1.        ]]

[[ 923.60702087    0.          364.84352569]
 [   0.          984.59422904  299.82662854]
 [   0.            0.            1.        ]]

[[ 796.18925815    0.          370.75125189]
 [   0.          844.42505133  253.51505791]
 [   0.            0.            1.        ]]







