0 -0.520666622455 -0.523738401938 -0.522202512197 0.52527429168 0 0 0 0 0 0 
0 -0.520666622455 -0.523738401938 -0.522202512197 0.52527429168 0 0 0 0 0 0 
0 -0.520666622455 -0.523738401938 -0.522202512197 0.52527429168 0 0 0 0 0 0 
0 -0.520666622455 -0.523738401938 -0.522202512197 0.526810181422 0 0 0 0 0 0 
0 -0.522202512197 -0.52527429168 -0.522202512197 0.529881960905 0 0 0 0 0 0 
0 -0.52527429168 -0.529881960905 -0.520666622455 0.531417850647 0 0 0 0 0 0 
0 -0.532953740389 -0.536025519872 -0.517594842971 0.532953740389 0 0 0 0 0 0 
0 -0.539097299356 -0.54216907884 -0.517594842971 0.534489630131 0 0 0 0 0 0 
0 -0.548312637807 -0.549848527548 -0.517594842971 0.534489630131 0 0 0 0 0 0 
0 -0.555992086515 -0.557527976257 -0.517594842971 0.534489630131 0 0 0 0 0 0 
0 -0.566743314708 -0.568279204449 -0.517594842971 0.536025519872 0 0 0 0 0 0 
0 -0.575958653158 -0.5774945429 -0.517594842971 0.536025519872 0 0 0 0 0 0 
0 -0.585173991609 -0.585173991609 -0.519130732713 0.536025519872 0 0 0 0 0 0 
0 -0.595925219801 -0.594389330059 -0.522202512197 0.537561409614 0 0 0 0 0 0 
0 -0.605140558251 -0.600532889026 -0.523738401938 0.539097299356 0 0 0 0 0 0 
0 -0.615891786444 -0.608212337735 -0.526810181422 0.54216907884 0 0 0 0 0 0 
0 -0.62971479412 -0.617427676186 -0.529881960905 0.546776748065 0 0 0 0 0 0 
0 -0.643537801795 -0.626643014636 -0.536025519872 0.55138441729 0 0 0 0 0 0 
0 -0.658896699213 -0.635858353087 -0.54216907884 0.555992086515 0 0 0 0 0 0 
0 -0.672719706889 -0.642001912054 -0.548312637807 0.563671535224 0 0 0 0 0 0 
0 -0.685006824823 -0.649681360762 -0.557527976257 0.571350983933 0 0 0 0 0 0 
0 -0.698829832499 -0.655824919729 -0.566743314708 0.579030432642 0 0 0 0 0 0 
0 -0.715724619658 -0.66504025818 -0.579030432642 0.588245771092 0 0 0 0 0 0 
0 -0.737227076042 -0.677327376114 -0.595925219801 0.598996999284 0 0 0 0 0 0 
0 -0.757193642685 -0.69115038379 -0.617427676186 0.606676447993 0 0 0 0 0 0 
0 -0.783303768295 -0.708045170949 -0.642001912054 0.61282000696 0 0 0 0 0 0 
0 -0.807878004163 -0.723404068367 -0.669647927405 0.617427676186 0 0 0 0 0 0 
0 -0.830916350289 -0.737227076042 -0.697293942757 0.618963565927 0 0 0 0 0 0 
0 -0.852418806674 -0.749514193976 -0.723404068367 0.620499455669 0 0 0 0 0 0 
0 -0.869313593833 -0.760265422169 -0.749514193976 0.620499455669 0 0 0 0 0 0 
0 -0.886208380993 -0.767944870878 -0.775624319586 0.622035345411 0 0 0 0 0 0 
0 -0.903103168152 -0.775624319586 -0.800198555454 0.622035345411 0 0 0 0 0 0 
0 -0.919997955311 -0.781767878553 -0.826308681064 0.625107124894 0 0 0 0 0 0 
0 -0.935356852729 -0.78791143752 -0.850882916932 0.626643014636 0 0 0 0 0 0 
0 -0.949179860405 -0.790983217004 -0.873921263059 0.62971479412 0 0 0 0 0 0 
0 -0.966074647564 -0.794054996487 -0.895423719443 0.631250683861 0 0 0 0 0 0 
0 -0.984505324465 -0.798662665713 -0.913854396344 0.632786573603 0 0 0 0 0 0 
0 -1.00447189111 -0.800198555454 -0.930749183504 0.634322463345 0 0 0 0 0 0 
0 -1.02443845775 -0.801734445196 -0.944572191179 0.63893013257 0 0 0 0 0 0 
0 -1.04286913465 -0.801734445196 -0.958395198855 0.642001912054 0 0 0 0 0 0 
0 -1.06437159104 -0.801734445196 -0.969146427047 0.648145471021 0 0 0 0 0 0 
0 -1.08587404742 -0.801734445196 -0.976825875756 0.654289029988 0 0 0 0 0 0 
0 -1.13502251916 -0.801734445196 -0.987577103948 0.666576147922 0 0 0 0 0 0 
0 -1.1549890858 -0.801734445196 -0.993720662915 0.672719706889 0 0 0 0 0 0 
0 -1.1549890858 -0.801734445196 -0.993720662915 0.672719706889 0 0 0 0 0 0 
0 -1.17649154218 -0.801734445196 -0.996792442399 0.677327376114 0 0 0 0 0 0 
0 -1.19952988831 -0.801734445196 -1.00140011162 0.680399155597 0 0 0 0 0 0 
0 -1.21796056521 -0.801734445196 -1.00600778085 0.685006824823 0 0 0 0 0 0 
0 -1.23792713185 -0.801734445196 -1.00907956033 0.686542714564 0 0 0 0 0 0 
0 -1.25635780876 -0.801734445196 -1.01368722956 0.688078604306 0 0 0 0 0 0 
0 -1.27325259591 -0.803270334938 -1.01829489878 0.688078604306 0 0 0 0 0 0 
0 -1.30243450101 -0.807878004163 -1.02904612698 0.686542714564 0 0 0 0 0 0 
0 -1.31625750868 -0.812485673388 -1.03211790646 0.683470935081 0 0 0 0 0 0 
0 -1.32700873688 -0.817093342614 -1.03826146543 0.680399155597 0 0 0 0 0 0 
0 -1.33775996507 -0.823236901581 -1.04286913465 0.678863265856 0 0 0 0 0 0 
0 -1.34851119326 -0.827844570806 -1.04901269362 0.675791486372 0 0 0 0 0 0 
0 -1.35465475223 -0.837059909256 -1.05515625259 0.672719706889 0 0 0 0 0 0 
0 -1.35465475223 -0.837059909256 -1.05515625259 0.672719706889 0 0 0 0 0 0 
0 -1.36079831119 -0.847811137449 -1.06129981155 0.671183817147 0 0 0 0 0 0 
0 -1.36694187016 -0.8754571528 -1.07358692949 0.661968478696 0 0 0 0 0 0 
0 -1.36540598042 -0.895423719443 -1.07973048845 0.657360809471 0 0 0 0 0 0 
0 -1.36540598042 -0.913854396344 -1.08587404742 0.649681360762 0 0 0 0 0 0 
0 -1.36079831119 -0.932285073245 -1.09201760639 0.640466022312 0 0 0 0 0 0 
0 -1.35926242145 -0.95378752963 -1.09508938587 0.62971479412 0 0 0 0 0 0 
0 -1.35619064197 -0.972218206531 -1.09662527561 0.617427676186 0 0 0 0 0 0 
0 -1.34851119326 -0.993720662915 -1.09816116535 0.60360466851 0 0 0 0 0 0 
0 -1.33929585481 -1.01061545007 -1.09816116535 0.588245771092 0 0 0 0 0 0 
0 -1.32393695739 -1.03058201672 -1.10123294484 0.575958653158 0 0 0 0 0 0 
0 -1.30857805998 -1.04901269362 -1.10276883458 0.563671535224 0 0 0 0 0 0 
0 -1.29168327282 -1.06590748078 -1.10584061406 0.549848527548 0 0 0 0 0 0 
0 -1.27325259591 -1.08433815768 -1.11044828329 0.536025519872 0 0 0 0 0 0 
0 -1.25635780876 -1.09816116535 -1.118127732 0.522202512197 0 0 0 0 0 0 
0 -1.23792713185 -1.11352006277 -1.12580718071 0.508379504521 0 0 0 0 0 0 
0 -1.21949645495 -1.12887896019 -1.13195073967 0.491484717362 0 0 0 0 0 0 
0 -1.19952988831 -1.14270196787 -1.14116607812 0.474589930202 0 0 0 0 0 0 
0 -1.17649154218 -1.1549890858 -1.15191730632 0.457695143043 0 0 0 0 0 0 
0 -1.15806086528 -1.16420442425 -1.16266853451 0.440800355884 0 0 0 0 0 0 
0 -1.13809429864 -1.17495565244 -1.17649154218 0.423905568724 0 0 0 0 0 0 
0 -1.11966362174 -1.18570688063 -1.1918504396 0.407010781565 0 0 0 0 0 0 
0 -1.10276883458 -1.19492221909 -1.2102811165 0.390115994406 0 0 0 0 0 0 
0 -1.08587404742 -1.20260166779 -1.23024768315 0.374757096988 0 0 0 0 0 0 
0 -1.07205103974 -1.20720933702 -1.25175013953 0.359398199571 0 0 0 0 0 0 
0 -1.05669214233 -1.21181700624 -1.2763243754 0.345575191895 0 0 0 0 0 0 
0 -1.04286913465 -1.21488878573 -1.30089861127 0.333288073961 0 0 0 0 0 0 
0 -1.02904612698 -1.21642467547 -1.32393695739 0.322536845769 0 0 0 0 0 0 
0 -1.01675900904 -1.21642467547 -1.34697530352 0.313321507318 0 0 0 0 0 0 
0 -1.00600778085 -1.21642467547 -1.36233420094 0.307177948351 0 0 0 0 0 0 
0 -0.995256552657 -1.21488878573 -1.37769309835 0.299498499642 0 0 0 0 0 0 
0 -0.984505324465 -1.21335289599 -1.38998021629 0.291819050933 0 0 0 0 0 0 
0 -0.976825875756 -1.21181700624 -1.40380322396 0.285675491966 0 0 0 0 0 0 
0 -0.969146427047 -1.2102811165 -1.4160903419 0.276460153516 0 0 0 0 0 0 
0 -0.961466978339 -1.20567344728 -1.42684157009 0.268780704807 0 0 0 0 0 0 
0 -0.952251639888 -1.20106577805 -1.44066457777 0.259565366357 0 0 0 0 0 0 
0 -0.941500411696 -1.19645810883 -1.45602347518 0.248814138164 0 0 0 0 0 0 
0 -0.930749183504 -1.19338632934 -1.47445415208 0.238062909972 0 0 0 0 0 0 
0 -0.919997955311 -1.18570688063 -1.49288482899 0.22731168178 0 0 0 0 0 0 
0 -0.910782616861 -1.17956332167 -1.51131550589 0.216560453587 0 0 0 0 0 0 
0 -0.900031388668 -1.1734197627 -1.5266744033 0.204273335653 0 0 0 0 0 0 
0 -0.889280160476 -1.16727620373 -1.54049741098 0.190450327978 0 0 0 0 0 0 
0 -0.878528932284 -1.16266853451 -1.54664096995 0.176627320302 0 0 0 0 0 0 
0 -0.864705924608 -1.15652497554 -1.54817685969 0.164340202368 0 0 0 0 0 0 
0 -0.852418806674 -1.15038141657 -1.54664096995 0.153588974176 0 0 0 0 0 0 
0 -0.838595798998 -1.14270196787 -1.54203330072 0.147445415208 0 0 0 0 0 0 
0 -0.824772791322 -1.1365584089 -1.53588974176 0.142837745983 0 0 0 0 0 0 
0 -0.809413893905 -1.12734307045 -1.5266744033 0.1397659665 0 0 0 0 0 0 
0 -0.794054996487 -1.11966362174 -1.51745906485 0.1397659665 0 0 0 0 0 0 
0 -0.777160209328 -1.11198417303 -1.50670783666 0.142837745983 0 0 0 0 0 0 
0 -0.757193642685 -1.10430472432 -1.49442071873 0.147445415208 0 0 0 0 0 0 
0 -0.737227076042 -1.09662527561 -1.48213360079 0.155124863917 0 0 0 0 0 0 
0 -0.715724619658 -1.09048171665 -1.4713823726 0.162804312626 0 0 0 0 0 0 
0 -0.692686273532 -1.08433815768 -1.45909525467 0.170483761335 0 0 0 0 0 0 
0 -0.671183817147 -1.07819459871 -1.44680813673 0.181234989527 0 0 0 0 0 0 
0 -0.649681360762 -1.07205103974 -1.43298512906 0.191986217719 0 0 0 0 0 0 
0 -0.628178904378 -1.06744337052 -1.41916212138 0.202737445912 0 0 0 0 0 0 
0 -0.608212337735 -1.06283570129 -1.40533911371 0.213488674104 0 0 0 0 0 0 
0 -0.58670988135 -1.05976392181 -1.39305199577 0.225775792038 0 0 0 0 0 0 
0 -0.566743314708 -1.05669214233 -1.37769309835 0.23652702023 0 0 0 0 0 0 
0 -0.548312637807 -1.05362036284 -1.36387009068 0.247278248423 0 0 0 0 0 0 
0 -0.529881960905 -1.0520844731 -1.34697530352 0.259565366357 0 0 0 0 0 0 
0 -0.514523063488 -1.05054858336 -1.3316164061 0.268780704807 0 0 0 0 0 0 
0 -0.49916416607 -1.05054858336 -1.3131857292 0.279531932999 0 0 0 0 0 0 
0 -0.483805268653 -1.04901269362 -1.2947550523 0.291819050933 0 0 0 0 0 0 
0 -0.469982260977 -1.04901269362 -1.2763243754 0.304106168867 0 0 0 0 0 0 
0 -0.454623363559 -1.04901269362 -1.25635780876 0.317929176543 0 0 0 0 0 0 
0 -0.440800355884 -1.04901269362 -1.23485535237 0.330216294477 0 0 0 0 0 0 
0 -0.42851323795 -1.04901269362 -1.21181700624 0.342503412411 0 0 0 0 0 0 
0 -0.417762009757 -1.04901269362 -1.18417099089 0.356326420087 0 0 0 0 0 0 
0 -0.407010781565 -1.04901269362 -1.1549890858 0.370149427763 0 0 0 0 0 0 
0 -0.397795443115 -1.04901269362 -1.12273540122 0.385508325181 0 0 0 0 0 0 
0 -0.388580104664 -1.04747680388 -1.08740993716 0.399331332856 0 0 0 0 0 0 
0 -0.382436545697 -1.04747680388 -1.0520844731 0.414690230274 0 0 0 0 0 0 
0 -0.374757096988 -1.04594091414 -1.0152231193 0.430049127691 0 0 0 0 0 0 
0 -0.368613538021 -1.04286913465 -0.975289986014 0.448479804592 0 0 0 0 0 0 
0 -0.360934089312 -1.03826146543 -0.935356852729 0.468446371235 0 0 0 0 0 0 
0 -0.356326420087 -1.0336537962 -0.893887829701 0.488412937878 0 0 0 0 0 0 
0 -0.354790530345 -1.02904612698 -0.852418806674 0.511451284004 0 0 0 0 0 0 
0 -0.354790530345 -1.02136667827 -0.809413893905 0.534489630131 0 0 0 0 0 0 
0 -0.354790530345 -1.01368722956 -0.767944870878 0.560599755741 0 0 0 0 0 0 
0 -0.357862309829 -1.00600778085 -0.724939958108 0.585173991609 0 0 0 0 0 0 
0 -0.360934089312 -0.996792442399 -0.680399155597 0.615891786444 0 0 0 0 0 0 
0 -0.364005868796 -0.986041214207 -0.640466022312 0.642001912054 0 0 0 0 0 0 
0 -0.370149427763 -0.973754096273 -0.602068778768 0.666576147922 0 0 0 0 0 0 
0 -0.379364766213 -0.961466978339 -0.566743314708 0.692686273532 0 0 0 0 0 0 
0 -0.391651884148 -0.949179860405 -0.532953740389 0.7172605094 0 0 0 0 0 0 
0 -0.403939002082 -0.936892742471 -0.506843614779 0.744906524751 0 0 0 0 0 0 
0 -0.417762009757 -0.926141514278 -0.479197599428 0.769480760619 0 0 0 0 0 0 
0 -0.434656796917 -0.913854396344 -0.456159253301 0.795590886229 0 0 0 0 0 0 
0 -0.453087473818 -0.900031388668 -0.436192686658 0.820165122097 0 0 0 0 0 0 
0 -0.474589930202 -0.887744270734 -0.422369678983 0.844739357965 0 0 0 0 0 0 
0 -0.493020607103 -0.873921263059 -0.413154340532 0.867777704092 0 0 0 0 0 0 
0 -0.517594842971 -0.860098255383 -0.408546671307 0.89235193996 0 0 0 0 0 0 
0 -0.54216907884 -0.847811137449 -0.400867222598 0.913854396344 0 0 0 0 0 0 
0 -0.568279204449 -0.835524019515 -0.399331332856 0.935356852729 0 0 0 0 0 0 
0 -0.592853440317 -0.823236901581 -0.396259553373 0.955323419372 0 0 0 0 0 0 
0 -0.617427676186 -0.81402156313 -0.394723663631 0.973754096273 0 0 0 0 0 0 
0 -0.645073691537 -0.80480622468 -0.393187773889 0.990648883432 0 0 0 0 0 0 
0 -0.671183817147 -0.797126775971 -0.391651884148 1.00600778085 0 0 0 0 0 0 
0 -0.697293942757 -0.789447327262 -0.391651884148 1.02136667827 0 0 0 0 0 0 
0 -0.723404068367 -0.781767878553 -0.390115994406 1.03518968594 0 0 0 0 0 0 
0 -0.751050083718 -0.774088429845 -0.387044214922 1.04901269362 0 0 0 0 0 0 
0 -0.777160209328 -0.767944870878 -0.385508325181 1.06283570129 0 0 0 0 0 0 
0 -0.801734445196 -0.760265422169 -0.382436545697 1.07665870897 0 0 0 0 0 0 
0 -0.829380460548 -0.75258597346 -0.379364766213 1.0889458269 0 0 0 0 0 0 
0 -0.853954696416 -0.746442414493 -0.374757096988 1.10123294484 0 0 0 0 0 0 
0 -0.880064822026 -0.740298855526 -0.371685317505 1.11352006277 0 0 0 0 0 0 
0 -0.907710837377 -0.735691186301 -0.368613538021 1.12427129096 0 0 0 0 0 0 
0 -0.935356852729 -0.729547627334 -0.362469979054 1.13809429864 0 0 0 0 0 0 
0 -0.961466978339 -0.724939958108 -0.357862309829 1.14884552683 0 0 0 0 0 0 
0 -0.987577103948 -0.721868178625 -0.351718750862 1.15959675503 0 0 0 0 0 0 
0 -1.01675900904 -0.718796399141 -0.345575191895 1.17034798322 0 0 0 0 0 0 
0 -1.04286913465 -0.715724619658 -0.339431632928 1.17956332167 0 0 0 0 0 0 
0 -1.06897926026 -0.715724619658 -0.330216294477 1.19031454986 0 0 0 0 0 0 
0 -1.12273540122 -0.714188729916 -0.311785617576 1.20874522676 0 0 0 0 0 0 
0 -1.14577374735 -0.714188729916 -0.302570279126 1.21949645495 0 0 0 0 0 0 
0 -1.14577374735 -0.714188729916 -0.302570279126 1.21949645495 0 0 0 0 0 0 
0 -1.17034798322 -0.714188729916 -0.294890830417 1.23024768315 0 0 0 0 0 0 
0 -1.19492221909 -0.714188729916 -0.285675491966 1.24253480108 0 0 0 0 0 0 
0 -1.21949645495 -0.714188729916 -0.279531932999 1.25482191901 0 0 0 0 0 0 
0 -1.24099891134 -0.715724619658 -0.274924263774 1.26864492669 0 0 0 0 0 0 
0 -1.26403725746 -0.715724619658 -0.273388374032 1.28246793437 0 0 0 0 0 0 
0 -1.30704217023 -0.715724619658 -0.271852484291 1.3131857292 0 0 0 0 0 0 
0 -1.32700873688 -0.715724619658 -0.270316594549 1.33008051636 0 0 0 0 0 0 
0 -1.34543941378 -0.715724619658 -0.267244815065 1.34543941378 0 0 0 0 0 0 
0 -1.36540598042 -0.715724619658 -0.265708925324 1.36079831119 0 0 0 0 0 0 
0 -1.38537254706 -0.715724619658 -0.265708925324 1.37615720861 0 0 0 0 0 0 
0 -1.40226733422 -0.7172605094 -0.267244815065 1.39151610603 0 0 0 0 0 0 
0 -1.41762623164 -0.718796399141 -0.270316594549 1.40687500345 0 0 0 0 0 0 
0 -1.43144923932 -0.721868178625 -0.271852484291 1.42223390087 0 0 0 0 0 0 
0 -1.43144923932 -0.721868178625 -0.271852484291 1.42223390087 0 0 0 0 0 0 
0 -1.45909525467 -0.724939958108 -0.273388374032 1.45602347518 0 0 0 0 0 0 
0 -1.47445415208 -0.72647584785 -0.276460153516 1.4713823726 0 0 0 0 0 0 
0 -1.48674127002 -0.731083517075 -0.279531932999 1.48520538028 0 0 0 0 0 0 
0 -1.49749249821 -0.732619406817 -0.282603712483 1.50056427769 0 0 0 0 0 0 
0 -1.5082437264 -0.735691186301 -0.285675491966 1.51592317511 0 0 0 0 0 0 
0 -1.51745906485 -0.738762965784 -0.290283161192 1.53128207253 0 0 0 0 0 0 
0 -1.5266744033 -0.741834745268 -0.2979626099 1.54203330072 0 0 0 0 0 0 
0 -1.53588974176 -0.747978304235 -0.307177948351 1.55278452891 0 0 0 0 0 0 
0 -1.54356919046 -0.75258597346 -0.317929176543 1.56046397762 0 0 0 0 0 0 
0 -1.54817685969 -0.758729532427 -0.328680404736 1.56967931607 0 0 0 0 0 0 
0 -1.55124863917 -0.76180131191 -0.34096752267 1.57889465452 0 0 0 0 0 0 
0 -1.55432041866 -0.764873091394 -0.354790530345 1.58503821349 0 0 0 0 0 0 
0 -1.55739219814 -0.767944870878 -0.370149427763 1.58964588272 0 0 0 0 0 0 
0 -1.55892808788 -0.771016650361 -0.387044214922 1.59425355194 0 0 0 0 0 0 
0 -1.55892808788 -0.775624319586 -0.405474891823 1.59732533143 0 0 0 0 0 0 
0 -1.55892808788 -0.77869609907 -0.426977348208 1.59886122117 0 0 0 0 0 0 
0 -1.55892808788 -0.780231988812 -0.448479804592 1.59886122117 0 0 0 0 0 0 
0 -1.55739219814 -0.783303768295 -0.471518150719 1.59886122117 0 0 0 0 0 0 
0 -1.5558563084 -0.784839658037 -0.494556496845 1.59578944168 0 0 0 0 0 0 
0 -1.55432041866 -0.786375547779 -0.520666622455 1.59425355194 0 0 0 0 0 0 
0 -1.55278452891 -0.786375547779 -0.545240858323 1.59118177246 0 0 0 0 0 0 
0 -1.55124863917 -0.78791143752 -0.574422763416 1.58657410323 0 0 0 0 0 0 
0 -1.55124863917 -0.789447327262 -0.602068778768 1.58043054427 0 0 0 0 0 0 
0 -1.54971274943 -0.790983217004 -0.62971479412 1.5742869853 0 0 0 0 0 0 
0 -1.54817685969 -0.794054996487 -0.657360809471 1.56507164685 0 0 0 0 0 0 
0 -1.54510508021 -0.798662665713 -0.683470935081 1.5558563084 0 0 0 0 0 0 
0 -1.54203330072 -0.80480622468 -0.708045170949 1.54510508021 0 0 0 0 0 0 
0 -1.53896152124 -0.810949783647 -0.729547627334 1.53281796227 0 0 0 0 0 0 
0 -1.53281796227 -0.817093342614 -0.747978304235 1.52053084434 0 0 0 0 0 0 
0 -1.52821029305 -0.826308681064 -0.763337201652 1.50517194692 0 0 0 0 0 0 
0 -1.52053084434 -0.835524019515 -0.775624319586 1.48674127002 0 0 0 0 0 0 
0 -1.51438728537 -0.849347027191 -0.784839658037 1.46677470338 0 0 0 0 0 0 
0 -1.50977961615 -0.864705924608 -0.789447327262 1.43912868802 0 0 0 0 0 0 
0 -1.50210016744 -0.880064822026 -0.792519106746 1.40841089319 0 0 0 0 0 0 
0 -1.49442071873 -0.900031388668 -0.792519106746 1.37462131887 0 0 0 0 0 0 
0 -1.48520538028 -0.919997955311 -0.790983217004 1.33775996507 0 0 0 0 0 0 
0 -1.47906182131 -0.938428632212 -0.78791143752 1.2947550523 0 0 0 0 0 0 
0 -1.4713823726 -0.955323419372 -0.786375547779 1.25021424979 0 0 0 0 0 0 
0 -1.46063114441 -0.970682316789 -0.783303768295 1.20567344728 0 0 0 0 0 0 
0 -1.44834402647 -0.986041214207 -0.781767878553 1.16266853451 0 0 0 0 0 0 
0 -1.4345210188 -0.995256552657 -0.783303768295 1.12119951148 0 0 0 0 0 0 
0 -1.41762623164 -1.00447189111 -0.786375547779 1.0812663782 0 0 0 0 0 0 
0 -1.40073144448 -1.01061545007 -0.790983217004 1.04440502439 0 0 0 0 0 0 
0 -1.38230076758 -1.0152231193 -0.801734445196 1.00907956033 0 0 0 0 0 0 
0 -1.36540598042 -1.01983078853 -0.815557452872 0.972218206531 0 0 0 0 0 0 
0 -1.34697530352 -1.02597434749 -0.830916350289 0.935356852729 0 0 0 0 0 0 
0 -1.33008051636 -1.02904612698 -0.847811137449 0.90156727841 0 0 0 0 0 0 
0 -1.3131857292 -1.03211790646 -0.86624181435 0.86624181435 0 0 0 0 0 0 
0 -1.29629094204 -1.03518968594 -0.883136601509 0.833988129773 0 0 0 0 0 0 
0 -1.27786026514 -1.03672557568 -0.900031388668 0.803270334938 0 0 0 0 0 0 
0 -1.26096547798 -1.03979735517 -0.918462065569 0.774088429845 0 0 0 0 0 0 
0 -1.24253480108 -1.04133324491 -0.935356852729 0.744906524751 0 0 0 0 0 0 
0 -1.22410412418 -1.04286913465 -0.955323419372 0.7172605094 0 0 0 0 0 0 
0 -1.20720933702 -1.04286913465 -0.975289986014 0.69115038379 0 0 0 0 0 0 
0 -1.18877866012 -1.04286913465 -0.995256552657 0.66504025818 0 0 0 0 0 0 
0 -1.16881209348 -1.04286913465 -1.01675900904 0.640466022312 0 0 0 0 0 0 
0 -1.15038141657 -1.04286913465 -1.03826146543 0.614355896702 0 0 0 0 0 0 
0 -1.13348662942 -1.04133324491 -1.06283570129 0.585173991609 0 0 0 0 0 0 
0 -1.11505595251 -1.04133324491 -1.08740993716 0.557527976257 0 0 0 0 0 0 
0 -1.09508938587 -1.04133324491 -1.11198417303 0.529881960905 0 0 0 0 0 0 
0 -1.07512281923 -1.03979735517 -1.1365584089 0.502235945554 0 0 0 0 0 0 
0 -1.05515625259 -1.03826146543 -1.16113264477 0.473054040461 0 0 0 0 0 0 
0 -1.03058201672 -1.03826146543 -1.18263510115 0.442336245625 0 0 0 0 0 0 
0 -1.00907956033 -1.03672557568 -1.20567344728 0.413154340532 0 0 0 0 0 0 
0 -0.986041214207 -1.03826146543 -1.22564001392 0.383972435439 0 0 0 0 0 0 
0 -0.966074647564 -1.03826146543 -1.24560658056 0.354790530345 0 0 0 0 0 0 
0 -0.944572191179 -1.03826146543 -1.25942958824 0.328680404736 0 0 0 0 0 0 
0 -0.924605624537 -1.03826146543 -1.27171670617 0.307177948351 0 0 0 0 0 0 
0 -0.907710837377 -1.03672557568 -1.28093204462 0.285675491966 0 0 0 0 0 0 
0 -0.889280160476 -1.03672557568 -1.28553971385 0.267244815065 0 0 0 0 0 0 
0 -0.872385373317 -1.03672557568 -1.28553971385 0.251885917648 0 0 0 0 0 0 
0 -0.855490586158 -1.03672557568 -1.28553971385 0.23652702023 0 0 0 0 0 0 
0 -0.84013168874 -1.03826146543 -1.28553971385 0.225775792038 0 0 0 0 0 0 
0 -0.821701011839 -1.03672557568 -1.28553971385 0.213488674104 0 0 0 0 0 0 
0 -0.806342114421 -1.03672557568 -1.28553971385 0.20120155617 0 0 0 0 0 0 
0 -0.792519106746 -1.03518968594 -1.28553971385 0.190450327978 0 0 0 0 0 0 
0 -0.77869609907 -1.0336537962 -1.28553971385 0.181234989527 0 0 0 0 0 0 
0 -0.763337201652 -1.03211790646 -1.28400382411 0.170483761335 0 0 0 0 0 0 
0 -0.747978304235 -1.03058201672 -1.28400382411 0.164340202368 0 0 0 0 0 0 
0 -0.734155296559 -1.02751023723 -1.28246793437 0.158196643401 0 0 0 0 0 0 
0 -0.720332288883 -1.02443845775 -1.28093204462 0.153588974176 0 0 0 0 0 0 
0 -0.706509281207 -1.01983078853 -1.27786026514 0.150517194692 0 0 0 0 0 0 
0 -0.692686273532 -1.01675900904 -1.27478848566 0.150517194692 0 0 0 0 0 0 
0 -0.680399155597 -1.01368722956 -1.27018081643 0.150517194692 0 0 0 0 0 0 
0 -0.666576147922 -1.00907956033 -1.26557314721 0.150517194692 0 0 0 0 0 0 
0 -0.655824919729 -1.00600778085 -1.2578936985 0.14898130495 0 0 0 0 0 0 
0 -0.645073691537 -1.00140011162 -1.25175013953 0.14898130495 0 0 0 0 0 0 
0 -0.634322463345 -0.998328332141 -1.24560658056 0.150517194692 0 0 0 0 0 0 
0 -0.625107124894 -0.995256552657 -1.23792713185 0.150517194692 0 0 0 0 0 0 
0 -0.617427676186 -0.990648883432 -1.23178357289 0.150517194692 0 0 0 0 0 0 
0 -0.608212337735 -0.987577103948 -1.22564001392 0.152053084434 0 0 0 0 0 0 
0 -0.600532889026 -0.984505324465 -1.21949645495 0.152053084434 0 0 0 0 0 0 
0 -0.592853440317 -0.981433544981 -1.21335289599 0.152053084434 0 0 0 0 0 0 
0 -0.58670988135 -0.978361765498 -1.20720933702 0.152053084434 0 0 0 0 0 0 
0 -0.580566322383 -0.976825875756 -1.20106577805 0.153588974176 0 0 0 0 0 0 
0 -0.5774945429 -0.976825875756 -1.19492221909 0.156660753659 0 0 0 0 0 0 
0 -0.574422763416 -0.975289986014 -1.18724277038 0.158196643401 0 0 0 0 0 0 
0 -0.574422763416 -0.973754096273 -1.18263510115 0.159732533143 0 0 0 0 0 0 
0 -0.574422763416 -0.973754096273 -1.17956332167 0.161268422884 0 0 0 0 0 0 
0 -0.572886873675 -0.973754096273 -1.17802743193 0.162804312626 0 0 0 0 0 0 
0 -0.572886873675 -0.973754096273 -1.17649154218 0.162804312626 0 0 0 0 0 0 
0 -0.574422763416 -0.973754096273 -1.17649154218 0.162804312626 0 0 0 0 0 0 
0 -0.574422763416 -0.973754096273 -1.1734197627 0.162804312626 0 0 0 0 0 0 
0 -0.574422763416 -0.973754096273 -1.1734197627 0.162804312626 0 0 0 0 0 0 
0 -0.574422763416 -0.973754096273 -1.1734197627 0.162804312626 0 0 0 0 0 0 
0 -0.574422763416 -0.973754096273 -1.1734197627 0.162804312626 0 0 0 0 0 0 
0 -0.575958653158 -0.973754096273 -1.1734197627 0.161268422884 0 0 0 0 0 0 
0 -0.5774945429 -0.975289986014 -1.17188387296 0.162804312626 0 0 0 0 0 0 
0 -0.579030432642 -0.973754096273 -1.17188387296 0.162804312626 0 0 0 0 0 0 
0 -0.579030432642 -0.975289986014 -1.17188387296 0.162804312626 0 0 0 0 0 0 
0 -0.580566322383 -0.973754096273 -1.17188387296 0.162804312626 0 0 0 0 0 0 
0 -0.580566322383 -0.975289986014 -1.17188387296 0.162804312626 0 0 0 0 0 0 
0 -0.580566322383 -0.976825875756 -1.17188387296 0.162804312626 0 0 0 0 0 0 
0 -0.580566322383 -0.976825875756 -1.17188387296 0.164340202368 0 0 0 0 0 0 
0 -0.580566322383 -0.976825875756 -1.17188387296 0.164340202368 0 0 0 0 0 0 
0 -0.580566322383 -0.976825875756 -1.17188387296 0.16587609211 0 0 0 0 0 0 
0 -0.580566322383 -0.976825875756 -1.17188387296 0.16587609211 0 0 0 0 0 0 
0 -0.580566322383 -0.976825875756 -1.17188387296 0.16587609211 0 0 0 0 0 0 
0 -0.580566322383 -0.976825875756 -1.17188387296 0.167411981851 0 0 0 0 0 0 
0 -0.580566322383 -0.976825875756 -1.17188387296 0.167411981851 0 0 0 0 0 0 
0 -0.580566322383 -0.976825875756 -1.17188387296 0.168947871593 0 0 0 0 0 0 
0 -0.580566322383 -0.976825875756 -1.17188387296 0.168947871593 0 0 0 0 0 0 
0 -0.582102212125 -0.976825875756 -1.17188387296 0.168947871593 0 0 0 0 0 0 
0 -0.582102212125 -0.976825875756 -1.17188387296 0.168947871593 0 0 0 0 0 0 
